99 98
-130998546 1067879086 -134661851 578549107 972619583 1140208998 765541114 122220150 -555547629 617336727 404625183 -2086635598 -1919072869 60634589 2111918913 942086348 892064925 1348010374 1606476510 -461591205 1450162417 -1481250028 828345803 235892588 -1625341946 -2044986177 1187751599 -1722428927 -183919779 -91122448 1775112582 -1921438835 1371524877 -933873464 -1633445346 1908093049 -134418370 -787138921 -1659200867 -1826603613 -1654148178 886708325 1750004217 136868570 478628911 1345381996 -1132574082 2007080291 604346662 -1541654117 -1079070644 2128343671 563651854 -1093984747 2132899799 315333058 1479373811 1865991600 1221358693 1591805926 -1439817224 -383776137 -581730669 1940007158 570249681 32293160 -868463919 -1907467525 -1409225910 1519705015 156667873 -501794701 -959043138 495147977 -275612324 -1833422131 663288480 -218163910 1925153325 -8979218 1894296566 -239648616 921527059 -1797864017 643033816 -1671438939 -1586912988 445137500 -208268810 1887954392 -1131204539 -631207626 1018152976 638799581 -184648270 207666162 -1448808837 -2113741551 1269024381
1 1 2 2
1 2 3 3
4 4 5 5
4 5 6 6
1 3 4 6
7 7 8 8
7 8 9 9
11 11 12 12
10 10 11 12
7 9 10 12
1 6 7 12
13 13 14 14
13 14 15 15
16 16 17 17
16 17 18 18
13 15 16 18
20 20 21 21
19 19 20 21
23 23 24 24
22 22 23 24
19 21 22 24
13 18 19 24
1 12 13 24
26 26 27 27
25 25 26 27
28 28 29 29
28 29 30 30
25 27 28 30
31 31 32 32
31 32 33 33
34 34 35 35
34 35 36 36
31 33 34 36
25 30 31 36
37 37 38 38
37 38 39 39
41 41 42 42
40 40 41 42
37 39 40 42
43 43 44 44
43 44 45 45
46 46 47 47
48 48 49 49
46 47 48 49
43 45 46 49
37 42 43 49
25 36 37 49
1 24 25 49
51 51 52 52
50 50 51 52
54 54 55 55
53 53 54 55
50 52 53 55
57 57 58 58
56 56 57 58
59 59 60 60
59 60 61 61
56 58 59 61
50 55 56 61
62 62 63 63
64 64 65 65
62 63 64 65
66 66 67 67
66 67 68 68
62 65 66 68
70 70 71 71
69 69 70 71
73 73 74 74
72 72 73 74
69 71 72 74
62 68 69 74
50 61 62 74
76 76 77 77
75 75 76 77
78 78 79 79
78 79 80 80
75 77 78 80
82 82 83 83
81 81 82 83
84 84 85 85
84 85 86 86
81 83 84 86
75 80 81 86
87 87 88 88
87 88 89 89
91 91 92 92
90 90 91 92
87 89 90 92
94 94 95 95
93 93 94 95
96 96 97 97
98 98 99 99
96 97 98 99
93 95 96 99
87 92 93 99
75 86 87 99
50 74 75 99
1 49 50 99
