100 99
1357726867 1115423153 1743424569 2088584280 -1475705408 -172520345 -1836204499 1369589864 -1922470988 -1935520406 -521468494 -208489965 -823597088 1352124155 1652389061 -373768137 -2060620948 1618076723 120677463 1647989700 1470474675 -1240088708 -706552116 1811652160 -764073278 2103621912 1531894397 -740745146 -684806691 -2005017191 -1090436042 -156043262 -1534567429 1924373607 1393154488 -1289519177 -1938568635 812240446 -2105420744 1727740985 860081307 1608256429 -1171496226 -1914954893 499783695 -1415818345 1169945927 663618275 1737930087 -183369290 596006404 -2048479719 -1245494369 -898558701 2142344473 -2090934980 -571209115 -521943409 -551304577 1823396740 1148771484 -387944610 29325474 420226497 -1481127207 400932743 716650211 -974989101 -364141079 806831205 -855536617 1277415471 1887457609 -1552662743 -1858596602 780307553 -787028564 -1381840043 1231762157 -784582268 -327441543 -460761790 -1363882500 -448655924 -120081077 -852467557 -1282172967 -1310656516 -1264008593 2007408352 -849782244 1900060144 -1127722647 31544804 -701104943 1699982101 -166921617 651368016 279535865 -1542230292
2 2 3 3
1 1 2 3
4 4 5 5
4 5 6 6
1 3 4 6
8 8 9 9
7 7 8 9
10 10 11 11
12 12 13 13
10 11 12 13
7 9 10 13
1 6 7 13
14 14 15 15
14 15 16 16
17 17 18 18
17 18 19 19
14 16 17 19
21 21 22 22
20 20 21 22
24 24 25 25
23 23 24 25
20 22 23 25
14 19 20 25
1 13 14 25
27 27 28 28
26 26 27 28
30 30 31 31
29 29 30 31
26 28 29 31
33 33 34 34
32 32 33 34
35 35 36 36
37 37 38 38
35 36 37 38
32 34 35 38
26 31 32 38
39 39 40 40
39 40 41 41
42 42 43 43
42 43 44 44
39 41 42 44
46 46 47 47
45 45 46 47
49 49 50 50
48 48 49 50
45 47 48 50
39 44 45 50
26 38 39 50
1 25 26 50
51 51 52 52
51 52 53 53
54 54 55 55
54 55 56 56
51 53 54 56
57 57 58 58
57 58 59 59
60 60 61 61
60 61 62 62
57 59 60 62
51 56 57 62
64 64 65 65
63 63 64 65
66 66 67 67
66 67 68 68
63 65 66 68
69 69 70 70
71 71 72 72
69 70 71 72
74 74 75 75
73 73 74 75
69 72 73 75
63 68 69 75
51 62 63 75
76 76 77 77
76 77 78 78
79 79 80 80
81 81 82 82
79 80 81 82
76 78 79 82
83 83 84 84
83 84 85 85
86 86 87 87
86 87 88 88
83 85 86 88
76 82 83 88
89 89 90 90
89 90 91 91
93 93 94 94
92 92 93 94
89 91 92 94
96 96 97 97
95 95 96 97
99 99 100 100
98 98 99 100
95 97 98 100
89 94 95 100
76 88 89 100
51 75 76 100
1 50 51 100
