100
980 0
405 28
737 77
216 34
101 23
937 286
890 324
495 241
134 74
744 447
228 172
716 580
462 431
532 551
543 625
78 108
285 439
187 323
417 895
350 912
270 785
239 836
52 295
79 651
83 956
-9 542
-27 525
-31 222
-40 253
-110 443
-121 352
-186 462
-191 430
-438 825
-145 233
-136 194
-455 583
-124 133
-542 542
-457 370
-567 412
-271 183
-854 493
-677 316
-353 135
-674 219
-479 119
-947 167
-218 34
-807 42
-335 0
-407 -28
-316 -44
-551 -107
-429 -115
-328 -106
-230 -83
-731 -325
-726 -402
-673 -420
-434 -327
-458 -385
-344 -310
-352 -352
-91 -105
-258 -355
-257 -412
-337 -609
-293 -576
-129 -337
-242 -793
-142 -496
-83 -471
-120 -759
-14 -204
0 -863
10 -143
102 -727
86 -548
224 -838
186 -609
349 -910
140 -287
58 -114
410 -656
136 -188
554 -660
222 -246
393 -366
514 -416
792 -576
784 -509
102 -56
214 -100
594 -228
953 -291
185 -49
635 -135
636 -78
582 -30
