20
0.0 13.9 25.2 88.8 57.8 74.6 29.5 88.4 19.8 65.5 50.3 86.8 94.2 50.6 71.8 49.8 72.7 33.8 4.3 76.8
78.3 0.0 31.2 36.9 71.2 23.0 10.6 10.2 55.4 67.4 54.5 94.1 84.9 92.1 45.9 31.6 60.6 93.2 50.6 31.1
96.4 76.6 0.0 62.6 41.9 5.0 13.7 7.9 90.0 34.0 8.1 27.7 81.5 25.0 18.3 86.2 82.5 97.6 92.7 44.8
96.6 26.1 14.6 0.0 0.4 17.8 99.6 46.1 12.8 56.4 18.1 92.0 20.6 28.6 90.9 30.4 75.5 36.7 66.5 73.4
44.9 80.1 94.3 11.8 0.0 78.1 81.1 82.2 20.9 96.1 38.3 81.0 14.7 49.9 11.7 26.5 50.9 33.3 58.3 69.6
78.0 69.9 76.3 43.0 53.6 0.0 89.6 71.6 37.5 55.8 24.1 85.7 26.6 98.3 56.8 54.9 71.6 32.7 92.2 70.9
43.5 99.0 26.6 94.1 88.4 30.7 0.0 58.0 73.1 22.2 39.6 96.2 5.8 34.1 77.4 11.5 76.9 51.9 17.1 92.7
93.0 81.0 81.5 50.8 17.9 17.2 78.7 0.0 19.6 80.0 87.4 23.5 92.5 99.9 61.0 94.3 71.9 79.4 4.0 27.7
29.0 48.1 34.9 82.9 46.9 8.5 45.9 99.6 0.0 64.0 81.4 38.7 27.4 29.9 39.1 22.3 22.0 78.0 48.4 70.4
93.0 7.8 1.1 99.3 86.6 82.8 46.4 46.6 52.3 0.0 21.8 46.3 83.8 13.1 79.7 75.8 21.3 24.2 68.5 5.6
13.9 14.1 33.8 12.3 95.9 96.4 5.3 57.1 33.3 2.0 0.0 12.2 76.5 20.4 26.9 17.3 21.3 62.5 98.8 71.3
58.4 43.4 3.5 49.0 47.4 62.8 69.3 70.1 5.8 61.4 48.2 0.0 17.1 19.3 80.4 58.5 33.0 5.5 27.6 36.1
72.3 91.8 51.6 17.4 40.5 56.5 58.6 44.3 51.3 71.8 78.6 43.4 0.0 24.4 74.4 74.1 10.1 74.4 14.1 54.8
63.3 20.2 10.1 33.7 62.2 75.0 64.2 66.2 86.4 24.7 59.4 1.9 24.9 0.0 55.9 63.3 21.2 50.1 7.7 94.0
81.7 48.4 4.2 12.6 5.3 37.1 99.5 27.8 67.2 11.5 56.2 11.2 90.1 52.9 0.0 43.7 40.8 27.6 43.6 79.7
9.0 12.1 75.5 24.9 63.7 89.1 19.6 21.7 60.2 7.8 4.6 18.7 59.4 62.6 33.6 0.0 72.8 57.4 58.5 31.1
80.0 21.2 59.7 93.2 98.6 8.9 47.9 62.8 57.3 72.2 94.5 2.2 86.7 28.1 3.0 16.9 0.0 69.6 99.8 32.4
59.5 7.1 98.7 68.1 69.1 50.1 20.7 26.7 11.2 69.2 7.7 67.8 90.3 35.4 34.6 65.1 36.1 0.0 81.5 88.2
73.9 79.4 89.0 42.7 40.7 34.8 5.3 74.4 72.4 81.0 94.1 67.9 17.5 22.9 79.5 31.6 76.5 77.0 0.0 58.1
82.0 1.4 80.2 32.5 46.7 65.3 40.1 42.5 80.6 89.0 62.4 19.4 15.4 98.4 29.2 46.9 69.9 23.1 2.0 0.0
100
13 5 C
6 14 A
11 2 C
3 15 C
2 12 C
12 16 A
17 3 C
2 10 C
1 6 C
9 11 A
4 2 A
3 18 A
11 4 A
2 14 C
4 17 A
15 6 A
9 14 C
11 17 A
9 10 A
17 4 C
9 10 C
20 7 C
16 10 C
14 18 C
4 1 A
16 10 C
10 4 A
12 13 A
3 19 A
8 5 C
8 20 A
1 17 C
18 20 A
3 14 C
18 9 A
14 9 A
14 10 A
8 3 A
10 1 A
19 11 C
20 18 C
5 9 C
20 5 C
4 6 A
6 4 A
6 13 C
3 20 C
1 9 A
12 4 C
2 16 C
16 2 C
20 16 C
19 3 A
7 13 A
6 13 C
5 19 A
9 10 C
4 13 C
14 12 A
2 10 A
15 14 A
5 7 A
10 9 A
19 1 C
4 20 A
16 8 C
12 17 A
5 7 A
9 12 C
13 11 C
17 3 C
9 8 C
5 6 A
14 18 A
13 12 C
2 19 A
10 6 A
20 6 C
3 2 C
19 13 A
4 19 A
16 2 C
10 7 A
2 11 C
4 11 A
5 1 A
5 6 C
5 11 C
8 5 C
14 19 C
12 20 C
13 6 A
3 7 C
15 16 A
18 2 A
19 3 C
11 19 A
20 17 C
4 17 A
7 5 A
