100
0.0 85.9 9.6 63.4 24.8 80.8 7.2 86.7 89.0 51.5 68.5 30.7 39.0 59.7 44.7 52.5 64.4 46.9 30.6 78.6 83.2 95.7 14.7 22.1 90.9 96.3 31.0 77.5 53.5 56.1 81.1 7.5 100.0 75.0 45.3 71.5 34.0 23.5 38.6 49.7 27.7 72.7 83.0 53.5 59.1 97.2 68.7 85.6 32.5 89.5 77.0 66.0 72.2 14.7 34.9 16.8 16.1 33.5 58.7 11.6 65.4 22.0 9.1 3.5 73.9 86.4 12.1 15.8 4.4 80.5 42.0 56.1 38.7 6.6 77.4 24.5 16.4 60.9 38.4 30.1 62.6 63.2 56.3 15.3 3.3 49.6 24.7 97.3 79.4 14.5 23.2 49.9 11.4 64.4 34.8 90.1 97.8 80.7 91.0 26.8
15.2 0.0 86.9 99.0 87.6 45.3 35.5 22.3 65.3 94.2 89.2 22.4 99.6 9.2 29.4 26.0 56.7 5.1 41.9 69.8 25.3 26.2 38.5 91.7 91.6 2.5 13.9 55.6 69.7 69.4 70.9 49.1 77.2 77.7 63.5 96.9 56.1 1.2 89.1 40.0 82.3 85.2 55.8 84.9 67.7 83.4 28.3 97.3 8.8 63.4 20.5 62.0 75.9 99.9 11.2 27.4 32.0 76.5 36.7 28.5 84.7 96.6 92.9 13.7 43.8 17.4 80.0 93.2 56.7 7.1 92.9 64.2 55.6 97.4 71.8 7.4 11.2 98.0 36.7 80.6 2.8 89.3 74.0 74.3 49.9 2.0 81.3 63.2 21.3 12.6 92.3 11.8 7.2 73.8 96.4 45.4 87.4 61.6 25.8 28.7
86.5 23.0 0.0 69.2 94.0 3.5 85.2 46.0 83.5 31.8 15.4 43.2 22.4 48.1 66.9 93.0 1.9 52.9 9.4 2.4 70.9 99.8 15.4 1.2 31.2 20.3 21.1 22.8 18.8 2.5 3.7 42.7 70.6 81.2 36.2 25.5 68.5 41.2 49.5 97.7 14.8 83.0 4.5 98.4 57.0 30.5 55.2 36.6 67.0 18.6 93.9 95.3 67.6 90.4 45.9 13.9 8.1 57.6 89.5 50.7 84.2 48.2 31.1 18.6 27.0 22.6 13.0 96.7 62.4 60.8 38.2 0.4 56.6 55.2 50.7 22.2 26.0 59.5 33.6 54.4 68.2 66.0 50.9 54.5 62.6 53.2 63.2 17.7 29.1 63.9 2.4 68.8 77.7 49.3 26.1 50.4 1.0 49.0 37.4 37.4
83.4 48.6 4.9 0.0 50.1 22.4 34.9 3.9 95.4 31.1 77.5 35.6 20.1 8.6 97.8 69.9 47.9 57.6 29.9 9.7 37.3 89.3 97.7 3.8 93.2 68.7 81.0 53.5 64.3 15.0 43.6 51.8 55.5 12.5 67.8 44.0 62.0 4.2 77.2 79.0 56.5 14.6 21.4 30.1 93.6 59.4 78.5 67.8 14.7 67.9 20.4 55.0 8.0 19.9 26.9 90.3 13.3 92.6 9.0 58.2 88.5 37.9 85.6 69.1 63.8 55.2 67.2 24.4 94.5 70.1 38.9 27.3 62.2 93.3 96.7 76.1 73.3 16.7 13.8 38.1 80.5 41.4 64.8 91.2 81.6 12.2 6.7 71.7 5.3 2.9 15.6 75.2 68.6 27.9 32.7 6.7 79.1 32.3 45.2 18.7
42.1 70.3 25.6 69.7 0.0 66.9 62.4 20.2 57.0 63.2 85.2 51.8 23.9 96.6 79.0 10.1 34.2 54.3 90.9 18.7 43.1 17.9 2.1 17.6 64.7 35.6 63.6 22.4 46.5 71.1 31.0 2.7 15.1 94.3 33.0 12.5 7.7 8.2 58.7 79.1 29.5 77.8 4.9 22.8 87.9 29.2 81.3 10.1 51.2 86.8 28.0 86.2 22.1 20.8 6.8 87.0 41.9 5.7 39.3 45.1 1.8 35.7 6.6 54.8 37.6 83.1 71.0 22.9 15.8 2.9 31.1 84.7 23.3 35.3 76.6 52.5 5.8 83.3 27.7 17.5 39.1 7.2 59.5 39.5 63.2 61.0 32.4 1.5 20.2 40.4 35.9 88.1 63.9 87.3 72.6 27.1 82.8 15.0 84.9 44.7
80.2 26.3 77.9 11.2 19.8 0.0 8.7 92.3 22.3 53.8 82.1 40.5 63.6 32.1 40.9 28.7 21.8 83.8 12.3 85.2 33.0 20.6 25.3 81.2 71.2 12.1 20.4 24.2 69.3 19.7 28.3 42.9 69.1 69.1 3.1 94.3 40.4 16.8 82.8 29.7 27.6 26.2 87.0 95.7 10.6 1.6 89.7 25.9 79.5 15.3 4.2 0.5 40.7 63.0 44.4 97.8 1.8 96.7 21.2 46.3 55.6 66.6 32.5 20.9 53.0 24.8 71.7 73.2 97.9 47.8 39.8 14.3 95.5 47.0 82.2 89.4 90.7 85.1 42.3 18.3 89.5 24.8 4.8 73.3 85.5 63.4 63.4 56.8 41.4 44.1 11.5 99.5 45.4 48.4 58.3 78.1 77.9 13.8 63.4 67.3
53.9 39.3 52.7 83.0 66.0 44.2 0.0 58.0 41.5 19.0 81.9 92.4 87.5 9.3 31.6 77.1 15.0 90.4 47.5 17.4 69.5 34.1 33.6 11.3 90.4 6.7 0.1 89.4 87.3 71.0 48.7 4.5 26.2 59.0 11.9 15.0 66.8 57.6 45.9 93.7 52.8 50.7 7.1 72.6 8.8 47.7 69.2 33.3 3.9 96.4 78.3 12.0 89.3 82.2 89.1 46.0 30.9 51.3 81.9 85.2 72.6 21.9 97.7 36.6 61.9 57.1 24.2 89.1 89.1 27.8 19.2 2.7 77.7 9.1 19.9 86.3 98.9 95.9 73.6 11.8 28.9 79.4 42.4 63.2 30.8 16.8 37.8 47.0 38.7 67.4 16.9 0.8 67.5 72.2 19.9 74.9 54.4 82.6 72.1 51.9
77.0 19.0 31.3 64.4 99.5 42.9 69.1 0.0 16.6 69.8 18.0 39.2 42.8 88.2 53.1 19.8 96.7 86.7 78.2 62.1 13.4 17.6 15.7 29.1 9.8 62.4 46.0 0.2 56.2 85.4 5.2 65.3 87.3 64.9 32.8 43.0 57.9 6.8 14.5 97.1 30.0 6.3 68.3 93.2 17.7 21.2 24.5 38.3 51.6 77.9 96.5 60.5 37.2 99.8 53.8 96.2 37.1 8.6 16.8 65.6 7.0 47.6 58.4 58.9 84.9 56.9 90.9 16.8 94.4 94.2 64.7 69.6 62.3 52.5 99.6 1.3 37.1 96.6 90.6 37.3 1.5 91.4 19.9 60.8 89.6 20.5 79.3 27.7 32.1 73.9 2.2 73.9 39.2 17.0 15.8 40.0 54.3 46.4 13.1 52.6
4.4 47.3 27.2 69.7 3.3 76.2 11.9 76.2 0.0 98.1 92.1 82.5 47.1 56.9 34.6 13.1 51.2 40.3 57.9 9.1 85.2 21.4 69.7 91.9 28.2 96.1 8.1 44.6 41.7 50.8 45.6 70.9 30.4 24.6 1.1 84.3 99.0 13.7 65.6 46.9 46.7 60.4 41.1 49.9 47.7 71.2 35.5 34.5 90.1 62.8 0.2 43.9 90.3 17.8 37.6 74.6 16.6 51.1 64.8 8.0 52.5 34.2 59.3 48.8 97.5 41.4 5.4 36.8 47.9 22.4 31.9 82.1 12.1 59.4 38.2 58.3 24.8 67.0 58.7 84.1 74.1 4.3 2.5 15.7 39.9 13.1 89.4 3.9 74.9 81.2 75.1 53.3 99.8 43.1 98.5 66.1 28.1 39.6 47.3 50.3
59.7 25.2 42.1 91.1 9.9 86.2 90.5 38.8 19.0 0.0 27.4 0.4 26.0 99.4 7.3 39.2 91.0 45.1 5.1 24.5 63.8 92.1 13.5 22.2 17.2 43.4 72.7 39.4 31.7 58.4 14.5 78.8 46.5 51.9 91.1 61.2 40.3 49.6 94.4 75.7 14.9 2.5 76.5 2.0 94.5 65.1 16.4 31.1 34.4 36.3 16.9 92.4 0.7 63.3 79.2 2.1 63.0 21.2 96.4 3.5 47.1 95.5 23.6 70.4 67.7 76.5 76.0 22.7 26.6 57.1 85.6 18.4 79.9 40.1 35.7 30.2 13.6 64.8 80.6 99.1 61.3 15.9 46.1 9.1 72.3 2.9 76.0 68.5 76.9 56.1 81.6 19.6 13.2 78.7 44.5 66.0 49.1 2.4 92.0 72.3
48.3 46.5 6.3 18.8 24.4 20.4 21.2 90.3 69.0 48.2 0.0 11.1 6.3 2.1 25.6 90.4 4.2 92.9 37.4 0.5 35.7 63.1 54.7 43.4 60.6 96.2 59.8 12.4 95.2 73.9 3.0 76.5 71.4 96.6 45.2 30.0 78.4 44.3 25.2 54.6 95.3 90.9 26.4 93.3 59.1 70.2 86.8 51.2 69.8 68.9 24.3 60.9 31.7 84.7 3.2 5.0 48.0 41.1 59.8 0.2 58.0 2.2 12.9 15.3 54.6 81.9 61.9 83.9 45.3 66.8 29.6 82.9 39.5 40.3 53.0 51.4 99.9 4.2 63.7 53.5 75.4 82.0 6.0 86.8 81.4 71.3 21.1 16.9 65.8 76.6 92.2 52.5 73.7 1.1 90.5 11.5 37.0 53.1 71.0 8.0
74.5 53.5 3.2 96.7 79.7 29.9 87.2 78.9 16.8 36.0 15.5 0.0 50.0 29.0 3.3 74.5 78.8 48.7 18.2 94.5 3.0 70.8 27.5 53.1 14.4 73.4 49.0 90.8 68.3 19.5 56.5 30.2 99.2 28.6 68.5 2.9 24.7 14.3 55.8 12.3 10.2 32.1 2.4 25.2 87.2 79.5 68.0 44.3 77.1 72.0 45.2 52.4 24.9 0.6 63.5 10.4 2.4 38.7 2.7 81.2 44.2 24.3 48.1 40.1 44.6 44.3 18.9 15.0 26.9 19.4 25.9 48.1 23.7 33.0 1.1 70.6 17.0 63.5 10.5 26.5 64.0 32.1 36.5 76.3 13.8 76.1 26.1 32.8 43.8 81.6 89.5 71.2 23.9 6.0 71.9 11.3 85.8 96.9 36.7 8.3
93.7 64.5 75.3 50.8 86.7 99.6 75.9 64.4 97.0 37.2 3.6 0.3 0.0 93.9 12.2 79.3 41.4 57.0 98.0 24.1 59.8 25.9 42.9 66.0 31.2 3.4 7.7 24.0 63.8 34.8 91.0 53.1 49.2 63.6 60.0 97.1 38.0 27.9 26.9 5.4 98.7 54.4 84.6 55.4 3.3 56.5 24.4 59.8 22.1 64.7 95.2 35.9 35.9 33.4 68.3 96.5 8.4 71.5 48.6 97.1 83.0 29.3 60.4 59.4 71.3 79.7 51.5 20.6 67.9 56.1 18.3 9.5 26.9 94.8 91.9 21.8 3.6 48.4 19.8 27.8 16.1 56.4 21.1 63.2 86.9 43.2 66.5 11.1 42.1 26.7 3.2 69.6 82.7 60.4 65.8 25.1 70.7 78.8 31.9 78.8
68.7 61.8 16.9 8.3 96.4 59.1 30.5 86.8 57.1 91.5 89.6 38.4 18.5 0.0 48.6 32.7 27.4 99.1 50.3 44.8 69.9 68.2 88.9 3.4 43.9 35.6 49.7 57.6 78.2 36.1 64.1 47.5 72.4 0.3 12.0 29.2 63.3 36.7 8.8 3.5 42.5 6.2 60.7 8.3 11.6 84.5 56.6 77.9 79.2 70.9 87.7 32.6 90.6 61.1 13.3 80.4 4.9 30.5 77.2 88.7 45.9 26.7 64.5 68.7 89.4 62.7 59.7 49.5 64.9 48.6 96.7 42.9 5.6 90.1 56.9 88.5 14.7 4.5 88.5 92.7 25.5 75.1 96.1 77.3 43.5 31.3 38.3 27.8 74.1 40.2 55.0 72.6 56.3 47.4 92.7 20.3 18.6 25.6 36.9 75.3
85.1 38.6 64.5 21.5 68.1 9.7 40.2 67.2 30.8 20.2 77.8 71.6 77.6 5.4 0.0 6.7 16.4 95.9 77.0 81.6 94.5 33.1 63.2 72.6 22.9 42.1 83.7 35.9 76.0 68.9 20.1 35.4 46.1 51.9 12.2 44.1 93.0 76.4 83.3 76.1 25.2 37.5 93.9 19.8 67.2 16.4 48.9 67.6 88.3 82.8 40.8 95.1 12.4 60.3 65.0 28.4 93.2 84.9 46.0 99.8 12.5 70.6 91.0 95.4 45.6 5.4 60.6 19.5 46.1 39.3 63.7 65.4 51.1 89.2 21.6 45.5 14.1 47.4 2.4 53.9 10.7 85.2 9.8 45.2 67.1 11.8 14.4 25.6 14.0 24.0 36.7 49.8 84.2 4.5 47.1 35.2 2.8 0.7 91.8 57.9
100.0 50.5 10.1 14.6 44.3 58.0 11.3 19.1 33.9 86.7 97.9 44.0 50.7 23.0 11.3 0.0 24.7 17.0 83.5 82.7 12.3 68.4 89.6 36.6 22.9 7.1 8.3 86.9 90.8 30.4 53.8 81.1 80.1 79.6 23.5 25.8 63.6 99.9 92.5 59.1 32.5 16.8 22.1 10.7 80.3 4.3 22.7 25.2 31.3 83.0 21.0 94.6 14.8 38.8 72.3 65.0 63.8 0.5 84.2 2.2 76.6 12.4 1.6 47.5 76.6 36.0 5.5 46.7 83.6 58.7 5.7 28.1 56.1 17.4 38.6 17.5 28.5 59.5 16.1 77.0 33.7 77.7 88.3 27.7 0.3 92.4 73.6 62.6 71.0 65.9 25.2 22.0 42.3 67.2 68.7 60.1 84.9 41.9 90.2 23.2
9.8 53.6 8.0 49.5 26.8 26.0 78.5 23.9 89.3 38.8 27.4 92.6 82.3 44.6 60.7 85.2 0.0 51.2 74.9 3.2 27.8 46.7 52.9 16.8 80.7 97.4 68.5 72.1 28.2 55.4 64.0 75.9 96.1 46.2 17.2 18.4 28.9 26.9 66.6 11.4 33.9 17.9 20.4 2.9 81.3 84.3 32.2 42.9 55.9 66.8 95.8 43.3 55.9 81.5 75.2 30.3 62.1 53.1 21.8 39.0 75.1 68.2 18.8 23.4 94.3 77.7 84.9 23.5 99.2 54.0 29.7 69.4 5.2 59.1 24.5 27.5 61.7 46.2 43.0 74.9 21.5 43.8 78.3 73.3 95.6 28.1 59.0 77.6 19.2 84.7 35.1 77.2 27.3 3.1 39.3 39.9 19.2 97.8 41.5 44.0
73.1 24.1 72.0 40.4 53.7 50.6 79.1 93.0 27.3 3.9 89.9 82.3 85.1 35.8 0.8 20.3 44.5 0.0 97.0 25.3 7.4 42.3 12.8 0.5 94.1 39.1 98.7 78.2 78.2 82.3 67.3 27.6 59.1 12.2 91.6 74.3 9.2 87.4 85.1 0.8 90.8 12.5 92.6 34.4 28.4 31.5 85.2 32.2 83.6 83.4 77.7 2.0 62.4 45.0 65.6 71.4 25.6 38.6 11.8 29.1 61.6 28.1 67.1 83.4 77.7 25.3 75.0 58.2 26.2 35.2 8.2 27.4 11.2 60.5 81.9 9.4 92.3 20.8 31.3 8.4 21.4 46.7 4.5 54.8 55.1 31.4 75.8 88.0 58.9 96.8 88.6 55.3 84.4 38.3 77.9 34.4 34.9 78.1 96.6 55.7
75.5 10.5 2.3 40.4 15.0 17.0 37.5 23.5 46.8 3.2 53.2 0.6 25.1 28.9 65.7 59.5 66.5 37.4 0.0 49.9 61.4 5.2 52.3 78.9 5.4 80.2 5.0 23.7 50.2 12.3 50.5 1.3 62.9 64.1 6.3 73.1 67.9 63.9 8.3 73.7 50.5 34.3 26.9 86.9 17.6 7.5 49.9 85.0 60.3 76.5 2.2 19.8 71.7 39.8 65.0 3.4 45.2 61.9 60.1 73.3 51.7 30.7 99.3 38.5 91.7 38.7 83.3 10.0 76.9 60.2 3.2 69.7 45.5 46.9 50.3 90.9 89.1 10.0 90.5 41.0 98.7 61.1 83.4 43.9 46.7 87.4 7.7 43.7 21.0 51.0 1.3 90.8 73.1 98.9 2.1 50.8 95.7 18.2 100.0 32.4
54.0 20.7 87.4 86.3 38.2 93.3 65.2 56.2 36.6 1.6 19.6 18.4 14.0 35.5 65.1 19.0 37.8 79.2 12.5 0.0 51.9 65.7 54.7 87.6 27.2 33.0 97.0 35.8 79.7 51.8 63.5 37.0 96.3 92.7 82.2 86.3 80.4 40.4 36.7 1.4 72.6 97.7 44.5 34.7 2.8 6.8 14.2 67.1 23.5 63.4 82.5 15.3 88.6 55.2 90.6 80.8 31.5 17.0 96.9 0.3 54.0 67.1 71.5 38.5 0.7 7.4 40.0 68.1 70.3 96.3 45.1 33.2 1.6 98.8 52.6 54.2 1.4 46.1 45.1 18.4 39.1 25.7 80.4 85.7 76.4 64.7 75.5 52.8 36.5 96.9 73.9 17.2 29.8 32.0 74.1 38.9 94.6 67.0 7.6 50.4
73.6 51.4 73.0 95.8 60.9 83.2 41.6 72.5 39.1 21.4 59.4 2.2 62.5 53.7 51.2 35.7 80.9 53.4 81.5 49.3 0.0 31.6 92.9 71.0 26.5 87.0 53.7 8.2 51.6 37.9 73.8 24.2 97.0 59.9 24.1 50.7 41.2 12.7 3.6 61.3 62.5 43.0 8.0 76.4 72.7 90.5 26.5 9.6 30.2 61.9 8.5 62.1 74.9 45.8 91.3 91.6 72.3 50.4 97.1 89.6 92.8 85.1 41.4 42.6 41.7 66.9 30.5 25.4 80.7 17.2 52.0 19.6 76.8 86.7 87.3 84.7 95.7 45.6 41.7 3.3 65.9 98.0 99.7 38.1 72.2 66.2 69.7 24.4 32.9 37.6 64.4 80.1 8.8 91.2 60.2 5.3 58.8 40.9 44.9 49.9
97.4 58.3 64.4 82.1 90.0 99.0 37.1 36.5 71.1 57.2 21.7 6.1 62.8 54.7 10.1 80.0 77.9 65.6 59.4 68.6 77.1 0.0 87.9 49.4 26.8 90.0 82.8 7.9 41.0 49.9 59.5 70.5 48.3 20.1 69.7 1.7 12.0 18.1 91.2 75.8 43.7 49.3 83.9 93.0 20.3 59.3 0.8 30.9 92.5 91.3 43.3 8.2 4.3 58.5 78.7 24.1 8.9 86.0 91.0 51.5 38.5 65.4 39.5 22.5 89.3 27.3 85.6 69.4 71.0 70.5 22.4 62.4 83.2 24.8 6.4 11.5 39.5 90.7 53.2 55.0 97.2 47.4 70.3 84.3 51.3 90.0 80.6 86.7 48.1 65.7 57.4 64.8 22.6 91.0 23.4 44.2 82.5 78.9 67.8 12.3
36.6 16.2 74.2 97.1 58.1 10.3 6.4 34.8 0.6 97.6 61.3 67.0 3.7 69.6 7.6 57.3 66.7 35.5 95.2 19.8 86.7 53.0 0.0 77.3 51.8 35.8 4.2 86.2 60.3 2.3 50.1 70.6 12.8 17.6 57.5 27.5 62.1 38.0 88.2 46.2 12.5 72.2 8.2 89.3 86.3 71.2 29.8 12.0 38.2 77.4 39.8 10.3 90.5 12.7 14.3 55.4 6.7 30.7 89.0 61.8 18.8 40.0 4.1 31.7 69.4 37.2 91.2 19.7 60.9 59.7 76.1 29.0 55.9 74.5 14.5 83.5 14.4 57.4 4.1 77.7 57.6 21.9 50.9 56.5 70.0 8.5 24.8 77.3 12.9 42.0 44.7 43.5 63.7 68.3 85.7 3.7 48.4 22.7 27.0 3.0
34.8 92.0 50.1 58.8 40.1 89.0 77.1 64.8 46.6 90.2 76.3 24.1 89.0 58.7 32.1 51.3 5.6 15.0 81.4 78.2 39.1 68.6 47.1 0.0 86.7 49.5 28.0 67.0 58.8 37.0 91.6 55.1 24.5 63.2 57.4 94.0 17.2 17.9 87.8 47.4 82.7 17.2 1.6 13.8 89.5 10.0 5.3 76.1 61.9 80.4 24.1 82.4 92.6 42.9 90.7 53.2 52.0 74.5 43.1 3.1 64.1 41.6 19.1 46.9 57.1 11.6 11.8 49.6 86.7 15.0 43.6 47.7 12.4 42.2 21.3 54.1 27.5 68.7 69.7 49.3 70.0 51.2 24.6 3.8 20.4 57.2 2.5 74.1 35.7 86.7 48.1 46.0 42.9 39.1 20.4 18.4 55.9 33.6 91.2 44.9
81.6 48.0 26.0 98.1 5.1 9.6 54.8 9.2 27.8 20.1 20.0 13.3 4.3 52.4 94.9 16.0 80.0 93.9 16.2 15.5 74.3 10.9 47.7 85.4 0.0 18.2 91.8 10.0 3.8 63.2 56.4 12.4 59.7 77.1 38.7 81.4 72.8 96.8 89.0 81.3 77.6 7.1 98.0 97.7 4.2 16.8 81.6 44.6 33.5 10.6 20.2 83.8 90.1 83.1 65.6 41.9 17.9 93.4 9.3 19.0 66.5 75.3 8.9 89.9 25.4 18.1 93.4 33.8 47.2 46.0 98.1 87.2 68.0 59.0 49.6 60.4 71.5 89.1 58.9 34.6 25.0 27.5 73.7 29.9 77.8 96.6 29.0 9.9 69.3 8.4 51.6 81.8 81.6 53.5 19.8 30.8 40.3 75.6 22.6 96.9
17.2 42.2 4.0 6.9 3.6 90.7 45.9 0.1 28.8 90.1 80.2 17.6 52.1 52.1 63.3 60.3 44.5 56.3 80.6 27.8 42.0 99.3 50.0 47.3 35.5 0.0 2.8 39.5 0.7 41.2 81.0 7.8 72.2 95.6 15.0 34.7 13.3 48.4 15.0 47.9 98.5 5.7 41.2 31.1 9.7 54.9 11.8 40.8 5.3 8.3 91.1 88.9 49.9 91.0 24.3 34.8 8.9 7.5 26.3 80.8 44.5 22.6 60.6 72.9 68.5 65.7 31.7 88.7 23.9 10.5 68.0 46.7 40.2 41.5 51.4 41.3 84.3 76.4 1.8 60.1 84.2 63.8 0.8 42.8 62.6 8.5 99.6 54.8 44.4 52.6 54.4 93.4 86.8 64.4 80.9 71.0 39.5 5.0 97.0 8.2
94.7 95.4 89.6 17.5 69.4 85.7 58.3 89.9 77.6 4.0 25.9 36.1 9.6 11.7 91.2 21.6 36.3 92.8 86.8 31.6 39.3 47.0 72.7 30.8 61.4 83.4 0.0 30.6 71.4 98.6 6.3 0.5 6.2 73.0 32.7 95.8 95.5 49.3 55.1 84.9 98.5 4.7 88.8 29.9 34.5 98.5 48.0 23.8 0.4 89.5 35.9 26.5 20.5 67.3 1.1 41.3 97.0 41.8 82.8 12.0 23.1 11.6 92.8 69.4 4.2 37.1 26.4 0.3 1.6 50.1 85.7 49.0 25.5 56.8 60.5 83.3 33.8 93.2 90.3 29.9 7.3 89.3 92.3 9.3 57.4 46.6 5.1 95.3 11.2 58.5 66.7 55.0 69.2 5.7 22.2 23.7 42.3 9.4 70.2 20.6
6.9 32.8 42.4 23.3 75.0 18.8 81.3 47.0 92.3 95.4 79.5 40.5 32.5 78.9 28.2 70.2 71.1 1.4 56.8 41.1 79.9 45.0 66.1 14.5 35.3 82.3 1.6 0.0 17.9 13.2 64.3 1.6 27.9 29.8 66.9 72.3 11.8 62.0 78.6 89.0 44.0 22.1 12.1 93.9 62.2 50.6 75.9 36.6 64.7 81.6 10.0 83.3 27.5 12.6 15.7 61.2 32.3 44.6 100.0 85.4 62.3 48.1 9.0 73.4 13.4 0.8 4.4 43.4 1.0 96.3 73.8 66.0 90.5 12.6 17.9 65.5 4.5 35.9 17.2 10.2 12.5 36.2 16.5 59.0 7.4 83.7 93.8 29.6 14.7 64.4 9.9 24.8 56.9 15.8 82.8 38.4 85.2 38.2 11.8 52.5
54.8 0.3 4.4 50.5 76.0 40.8 50.3 37.6 67.5 58.9 93.9 73.9 43.4 57.2 22.3 71.2 19.1 39.6 58.5 1.5 2.5 92.2 87.2 45.5 39.4 61.1 51.2 33.5 0.0 16.7 50.8 9.8 14.9 22.0 1.0 85.7 8.3 46.9 85.0 10.9 3.6 90.2 45.8 88.4 90.0 44.5 39.0 72.4 61.3 5.8 27.6 90.7 41.1 53.3 52.0 58.3 12.9 40.8 20.1 7.0 76.2 5.7 82.6 6.4 85.7 7.4 68.2 34.4 46.4 93.7 16.4 68.6 6.1 87.2 70.4 57.5 54.5 59.8 0.8 80.4 79.9 66.0 18.0 45.5 94.7 84.0 78.3 67.3 37.6 44.5 57.5 89.5 16.9 54.6 2.4 14.4 54.5 47.9 35.4 27.3
69.1 65.9 74.3 16.1 87.5 49.6 9.4 50.1 96.2 66.1 10.7 62.9 97.4 90.7 66.8 78.1 24.7 12.9 97.3 31.7 24.4 72.9 82.1 31.4 11.6 18.4 39.9 20.2 27.7 0.0 28.9 3.4 82.0 66.5 48.3 52.2 36.6 53.2 88.7 88.4 10.9 6.3 33.9 75.0 36.9 16.8 48.1 54.1 59.7 87.2 94.4 67.6 40.3 36.3 38.6 66.0 36.7 53.2 3.7 38.2 45.5 11.0 14.7 43.5 0.1 46.0 48.9 38.9 46.9 37.8 42.7 34.7 98.3 37.7 47.1 61.7 69.5 19.9 77.3 89.3 31.2 30.1 83.8 91.5 64.4 59.1 11.4 16.2 59.0 97.6 99.2 23.7 39.8 35.5 46.6 85.2 26.5 17.9 77.4 91.2
58.3 71.6 91.0 64.2 95.5 51.9 25.7 10.0 84.7 83.4 18.4 48.6 15.7 90.2 91.3 32.3 83.9 67.9 36.0 8.9 36.7 64.0 72.1 74.1 88.0 36.4 73.5 90.1 62.7 36.6 0.0 77.7 58.0 73.1 85.0 27.9 98.5 22.6 90.5 35.3 36.0 69.7 2.5 57.6 72.7 62.8 81.9 28.3 66.6 99.6 56.4 46.0 39.3 54.7 64.4 60.9 37.3 98.7 71.4 77.1 58.2 41.6 18.9 47.4 77.5 55.3 90.8 95.9 45.6 41.9 5.6 63.2 7.6 82.2 99.7 4.7 88.9 46.2 1.3 18.8 9.0 93.9 62.0 71.9 2.4 98.5 6.9 77.4 90.9 76.9 21.1 75.7 31.9 59.8 40.9 4.9 59.5 37.7 9.9 90.0
32.0 37.4 70.6 58.1 77.6 25.3 44.5 6.1 13.0 30.5 1.0 41.0 91.5 43.6 64.9 51.9 84.0 48.9 96.1 29.0 70.9 16.9 94.5 16.6 43.3 24.7 0.1 96.7 83.2 5.2 99.0 0.0 16.8 12.8 64.3 43.3 96.8 80.4 11.0 16.9 59.2 10.0 0.7 46.8 62.3 93.9 90.4 93.8 59.0 22.4 57.2 95.5 10.1 6.1 96.3 82.7 10.8 53.1 42.6 53.3 87.4 56.4 45.7 70.9 93.0 28.0 2.7 49.3 40.1 31.3 74.5 32.1 30.6 59.8 37.5 58.7 33.0 20.4 27.8 84.7 62.0 98.4 72.1 69.6 79.7 87.8 91.2 63.4 77.7 79.7 47.9 98.9 81.3 1.7 12.0 72.1 31.5 29.6 59.7 84.4
48.1 47.0 54.3 98.9 67.4 57.7 26.6 22.9 41.9 32.5 75.0 36.1 34.3 64.0 43.2 64.9 70.0 75.9 70.3 49.2 18.8 93.6 80.7 51.4 36.5 63.8 7.3 35.2 5.7 60.9 12.1 90.4 0.0 94.3 14.7 70.3 69.4 82.4 13.1 61.5 77.2 33.8 87.8 98.5 69.5 34.5 29.7 80.9 66.3 10.5 77.6 4.8 59.5 13.3 37.1 28.1 29.1 51.5 57.1 63.7 68.4 95.8 15.4 95.1 34.4 41.9 43.2 27.3 73.1 74.8 21.4 89.4 39.1 88.0 93.5 71.7 22.5 64.9 36.2 24.4 19.3 57.2 68.2 99.5 52.6 22.1 93.4 16.5 84.0 69.6 45.7 33.9 26.8 34.5 38.7 53.6 77.2 60.5 92.6 48.5
62.0 55.1 54.5 27.1 23.8 89.2 88.9 85.2 41.5 37.5 15.5 13.0 27.2 24.6 22.0 56.8 30.2 73.9 98.5 81.1 81.8 24.3 74.3 74.7 13.7 53.0 46.8 38.7 38.9 96.6 91.6 87.6 56.2 0.0 63.2 82.1 40.2 40.2 35.8 81.1 55.0 49.8 71.5 50.1 89.0 41.8 20.6 32.6 92.8 79.3 76.7 61.3 21.2 90.3 70.1 34.9 80.5 11.4 93.0 15.0 68.8 20.9 86.9 25.8 13.3 27.6 6.3 8.0 58.4 21.0 55.9 2.1 0.1 58.4 31.8 87.8 38.8 51.3 91.6 24.0 9.0 61.7 56.1 52.8 81.5 32.9 49.2 61.9 3.4 85.4 50.4 99.9 63.1 41.0 21.8 58.4 65.6 11.4 95.6 22.0
38.4 77.4 71.7 75.9 50.3 16.4 62.3 4.8 6.5 25.2 90.4 28.2 28.6 93.3 3.3 44.4 47.6 10.3 71.4 96.2 44.0 76.8 59.6 4.9 61.7 36.8 38.1 85.5 9.3 70.8 75.2 64.1 48.2 39.8 0.0 10.6 44.2 32.7 99.5 87.0 80.3 50.4 22.8 23.4 91.7 74.1 88.6 92.8 66.5 70.7 51.4 51.8 32.1 13.7 14.9 82.2 55.6 97.3 70.5 30.3 92.6 32.5 36.2 45.8 79.7 86.2 70.7 93.4 38.9 35.3 51.0 51.6 98.9 83.3 27.1 45.9 36.8 92.6 77.8 18.9 83.7 57.2 70.4 86.5 65.6 52.5 35.9 78.3 89.4 62.7 69.5 74.3 45.3 15.9 82.9 61.0 1.0 21.3 1.9 83.9
85.6 59.7 98.2 76.8 20.0 53.2 18.3 16.2 65.9 33.7 97.1 28.1 43.4 57.6 69.9 49.7 33.5 33.0 38.1 28.6 32.9 83.5 40.1 43.7 7.6 8.3 98.8 1.7 67.0 78.2 24.8 28.7 1.2 14.8 68.2 0.0 46.6 90.7 17.7 70.7 2.3 54.3 84.6 97.6 67.4 87.1 3.0 64.2 98.4 79.0 26.6 35.9 9.1 67.6 11.0 46.3 53.7 82.0 25.8 74.3 26.9 95.6 66.5 60.2 78.1 1.5 56.5 51.5 39.4 7.0 52.1 91.6 12.3 1.1 99.0 13.0 7.4 72.4 10.3 11.8 85.3 76.6 73.2 30.1 23.0 44.8 73.9 8.9 36.4 69.1 16.2 65.5 70.4 16.1 57.5 23.9 51.3 38.7 27.2 15.9
23.2 72.1 54.7 15.2 97.3 75.9 36.7 62.3 81.6 5.8 36.9 84.6 16.0 16.6 16.9 7.2 96.8 89.9 60.2 6.4 88.5 31.6 35.7 59.5 56.9 29.5 22.2 64.9 34.7 84.7 35.0 12.8 30.1 39.7 24.7 94.5 0.0 34.1 67.5 50.7 1.7 64.4 43.2 29.4 90.5 96.2 32.7 27.9 5.5 27.2 7.1 48.3 37.1 13.2 85.2 69.8 60.3 0.9 29.3 48.8 40.7 69.2 63.6 8.5 13.3 91.2 10.5 79.8 11.8 5.1 34.3 41.8 55.9 16.7 31.0 19.7 34.6 89.0 71.9 96.8 68.2 51.8 64.3 27.1 54.6 59.3 14.1 53.0 83.1 65.4 66.7 85.2 92.1 15.5 26.5 25.5 16.6 16.9 94.1 7.9
32.0 7.9 42.8 37.8 10.6 60.8 54.8 25.4 71.8 48.8 36.0 6.7 73.0 44.2 39.9 30.1 95.8 70.1 22.9 82.7 55.1 82.6 84.1 37.9 6.4 26.4 34.9 45.2 6.0 52.1 32.2 33.8 72.5 56.2 43.3 14.1 91.2 0.0 35.9 49.8 89.0 42.3 82.0 77.7 88.9 14.1 47.7 0.4 47.7 85.4 19.1 44.7 10.3 70.0 16.5 99.2 50.8 95.5 15.6 91.5 84.2 99.0 63.9 87.8 31.1 0.7 45.9 76.6 89.8 50.7 20.4 61.7 64.0 34.8 86.3 37.0 99.2 23.7 63.0 84.1 27.1 61.0 71.9 91.2 6.1 66.9 67.7 79.1 35.9 80.2 73.3 23.2 81.9 18.8 45.9 1.1 28.6 4.5 52.3 92.4
99.3 12.2 27.2 5.6 84.0 30.9 61.6 23.6 25.8 41.0 22.1 7.0 71.6 68.2 19.0 48.2 10.2 1.9 16.4 14.2 86.8 82.9 5.3 87.8 13.4 87.8 38.1 64.9 12.0 51.9 48.0 57.7 40.3 22.2 4.1 0.7 65.8 57.0 0.0 61.5 25.4 12.6 37.0 56.2 37.9 88.3 51.8 85.8 24.3 13.7 26.8 85.7 44.5 29.9 26.1 62.8 20.4 73.1 2.1 91.7 15.0 79.6 31.8 70.0 5.5 43.9 14.9 83.3 82.3 89.5 62.8 57.2 85.6 21.2 77.5 57.4 57.7 18.8 91.1 10.9 97.4 68.5 29.8 91.6 85.3 54.9 4.0 80.0 99.4 52.2 89.6 40.4 8.4 89.8 76.9 30.2 62.2 57.3 79.3 48.0
91.1 18.2 16.2 72.0 0.2 78.9 20.0 60.0 54.3 83.1 8.4 96.6 57.6 16.5 0.4 86.9 95.7 40.1 32.0 84.3 23.2 12.4 51.9 16.9 94.6 15.5 24.8 43.0 44.4 74.9 30.5 83.6 13.5 71.9 98.8 68.9 28.5 89.6 0.5 0.0 78.4 83.7 10.1 19.7 85.4 90.7 60.6 0.2 6.1 85.3 35.9 24.5 10.8 17.5 65.6 25.8 94.8 35.2 41.4 85.1 86.9 49.9 20.0 11.0 20.7 96.7 43.4 88.2 64.1 63.1 20.5 1.4 4.6 18.7 65.3 89.9 6.7 17.3 16.2 85.3 61.9 45.3 51.9 72.5 50.7 95.8 78.2 18.6 9.4 55.8 54.7 88.3 20.9 63.4 6.8 15.8 48.0 18.4 88.7 33.3
9.6 97.0 59.6 98.0 65.9 60.2 47.9 93.2 13.5 87.3 75.2 72.3 95.9 74.2 61.8 58.6 38.4 15.7 14.3 60.5 20.5 99.7 34.6 76.7 27.6 72.9 20.3 37.9 88.7 99.2 87.1 94.8 97.2 71.0 23.8 63.8 22.2 76.1 50.7 37.8 0.0 11.3 69.2 39.2 17.4 59.3 63.9 91.9 9.1 70.0 51.7 12.2 16.5 50.7 58.0 89.1 7.9 23.0 56.1 67.7 87.6 55.7 79.3 21.7 25.5 51.1 72.1 76.2 53.2 8.7 87.2 33.0 31.7 63.4 56.8 90.6 4.6 33.0 87.2 59.0 49.6 93.4 7.6 83.1 89.0 85.6 28.3 15.9 20.3 50.1 12.0 52.8 57.0 40.1 67.5 21.4 3.1 84.0 66.1 63.2
95.1 97.4 6.3 99.5 79.5 32.0 79.5 5.5 58.5 18.5 21.7 20.8 40.2 60.6 24.4 87.0 19.4 4.2 85.1 60.5 73.2 91.5 81.6 41.4 4.3 84.3 98.0 34.0 10.6 52.0 36.9 87.2 78.9 93.2 95.1 89.4 34.2 93.3 72.8 7.8 12.9 0.0 1.4 62.7 38.7 25.6 64.5 76.4 23.9 42.3 94.7 72.2 59.7 85.7 64.7 1.7 72.6 70.5 85.9 64.6 22.1 68.2 43.7 74.2 9.1 0.8 40.0 54.2 9.9 38.9 100.0 58.0 17.5 43.7 45.0 37.3 83.3 81.0 87.3 32.5 79.5 92.8 97.8 79.4 63.2 45.0 84.9 77.7 55.2 29.1 99.4 5.6 29.6 12.6 84.1 54.6 12.8 49.5 24.2 17.5
66.7 24.0 8.2 75.2 44.2 15.7 21.9 67.1 29.0 35.2 6.8 45.3 9.7 38.2 11.9 99.5 59.7 85.5 21.8 82.6 78.1 22.6 62.2 25.0 18.1 33.5 9.1 36.7 5.5 45.1 8.2 56.7 8.5 26.3 81.7 6.1 30.4 27.4 24.3 28.1 86.0 27.4 0.0 36.5 88.6 88.1 45.5 48.3 23.5 70.8 71.3 97.7 49.1 20.4 87.6 57.7 36.5 14.9 8.3 15.5 86.8 68.0 38.7 51.3 67.9 97.7 78.7 91.9 65.0 60.0 44.2 82.5 74.8 91.3 47.3 46.1 63.2 32.4 22.1 3.6 16.4 18.1 89.5 41.4 62.0 55.7 37.1 97.9 40.8 2.3 48.4 61.8 81.7 6.0 16.6 23.8 96.0 98.3 29.1 74.7
27.2 53.0 11.9 49.4 75.1 67.2 0.4 88.3 64.9 31.2 8.7 78.0 41.3 37.6 31.3 20.1 22.2 40.0 77.4 49.8 39.5 74.7 95.3 0.7 50.3 98.6 56.7 12.9 48.9 20.0 84.7 24.6 18.9 75.0 38.5 72.0 72.2 42.5 48.4 24.7 76.3 73.5 92.5 0.0 49.9 29.4 20.6 74.3 75.4 87.1 97.3 13.4 94.4 52.6 32.1 12.3 4.2 1.3 85.8 26.7 0.2 9.9 85.1 42.4 42.2 97.9 93.3 4.6 72.1 74.2 47.6 31.1 54.5 30.1 90.5 13.6 66.3 11.9 8.6 80.2 14.6 88.9 82.9 11.4 27.6 17.7 79.4 39.3 6.7 60.3 86.0 44.4 52.2 91.6 5.6 34.1 86.9 79.3 17.4 72.8
24.0 77.7 54.6 4.7 29.7 97.5 80.4 9.5 39.4 29.7 57.6 97.7 93.6 68.4 59.9 16.9 35.0 37.3 26.1 74.6 28.3 19.3 26.5 43.3 61.5 30.2 47.9 69.4 63.4 51.2 32.9 63.0 28.6 37.3 31.4 65.1 17.6 8.9 57.0 10.6 57.9 31.5 58.1 7.6 0.0 52.4 51.8 70.0 38.2 56.7 16.9 83.4 12.9 76.9 34.4 99.9 85.8 39.6 32.8 37.7 17.9 71.0 82.2 64.6 24.8 49.0 8.9 50.8 89.1 38.9 41.2 84.2 69.7 72.2 33.3 58.8 6.7 15.9 77.7 65.8 31.0 47.0 99.7 46.5 21.1 6.1 74.2 1.7 12.7 23.8 28.3 14.9 11.6 67.1 78.9 55.0 15.9 75.6 87.8 88.8
68.8 14.4 88.7 14.8 58.9 73.5 65.6 90.1 43.1 56.0 66.8 82.7 80.3 83.5 1.0 6.7 46.6 48.7 65.3 55.6 47.3 99.1 2.9 74.7 33.0 0.7 22.8 3.2 72.1 28.4 46.6 91.1 76.9 13.0 25.0 68.8 98.1 60.3 1.9 67.2 58.2 69.5 96.7 83.0 49.1 0.0 85.4 4.7 18.2 11.7 55.2 0.5 74.5 3.9 62.1 59.2 61.9 9.2 7.0 2.8 92.4 95.2 95.4 97.5 58.4 98.2 11.3 93.3 64.7 66.5 19.7 18.1 75.7 76.3 60.4 75.5 17.9 47.3 27.2 87.6 55.6 56.4 31.0 48.4 85.7 16.1 73.1 23.5 19.0 28.2 2.6 62.7 77.1 30.0 14.3 5.2 75.5 71.1 32.7 92.1
38.4 68.1 94.9 39.3 37.3 0.3 83.9 63.0 32.3 18.6 92.7 46.5 87.7 55.9 56.4 55.6 47.5 16.0 61.4 16.6 10.7 66.1 31.7 39.5 59.5 98.7 65.0 34.6 72.9 37.2 16.3 95.7 72.3 22.2 59.6 40.4 8.7 68.8 97.7 25.8 22.0 75.2 27.0 70.3 37.5 50.3 0.0 40.7 31.6 89.6 94.6 36.7 92.2 49.8 67.5 2.9 35.5 91.0 7.9 41.1 99.1 63.2 87.0 51.8 60.9 52.9 97.4 57.7 98.4 73.9 93.6 53.7 55.9 40.8 49.7 8.2 38.0 61.2 30.7 96.0 24.4 67.8 25.7 68.7 22.2 88.3 9.4 78.1 58.0 71.5 63.9 29.8 60.5 50.6 39.6 38.3 30.2 88.8 97.9 46.0
64.4 57.8 57.3 30.3 53.9 13.5 94.4 84.4 49.8 66.7 42.7 2.4 37.3 71.1 30.1 90.9 43.4 15.9 87.8 8.2 90.8 22.7 5.9 24.0 8.3 57.5 69.5 10.2 93.0 73.0 6.1 89.3 31.2 14.7 47.9 2.8 47.2 47.9 73.8 33.3 92.1 71.6 79.9 89.4 69.4 97.0 66.0 0.0 59.4 85.4 22.9 83.3 47.0 66.9 3.6 85.2 50.0 8.2 95.7 62.1 17.1 52.7 7.1 53.0 13.2 94.9 2.2 96.4 6.3 38.9 43.4 25.7 1.2 67.1 20.0 98.4 67.5 34.3 51.2 9.6 89.2 51.5 72.5 35.3 67.2 41.4 1.6 55.3 67.0 68.1 82.2 48.0 93.4 76.4 92.5 72.4 40.2 79.3 73.1 67.8
52.8 54.6 7.9 76.3 49.7 16.6 27.0 27.7 38.9 5.6 87.9 39.2 77.3 84.8 1.5 30.9 24.0 30.4 59.8 73.8 81.4 55.1 4.9 19.1 31.2 16.2 67.0 79.4 3.8 30.2 28.2 59.6 74.3 24.8 40.6 57.1 58.1 25.3 68.6 51.8 79.0 75.4 5.7 49.2 94.0 40.5 98.0 14.9 0.0 16.6 8.1 63.1 99.1 69.3 24.7 98.2 69.8 33.6 8.8 31.3 30.9 70.4 37.1 19.6 91.1 63.7 82.1 36.8 89.4 39.1 42.8 100.0 30.7 35.7 89.1 36.5 10.8 36.2 26.6 61.9 45.7 51.5 99.5 24.2 48.8 95.4 48.6 92.5 41.0 70.2 78.9 31.8 35.5 40.1 87.3 68.8 92.5 14.4 96.3 9.2
91.8 29.5 59.6 54.9 99.7 32.3 59.8 14.8 80.1 5.3 40.8 52.4 25.8 3.8 94.9 19.0 18.2 11.7 3.0 69.5 0.6 65.1 70.0 19.8 19.8 68.0 57.5 58.2 65.6 31.4 74.5 35.4 24.2 34.9 62.0 22.0 47.5 15.8 34.4 2.0 17.8 59.1 91.8 95.9 84.7 95.1 5.6 41.4 94.4 0.0 56.7 92.6 33.9 76.6 62.1 22.6 97.5 24.5 40.5 72.5 64.7 63.9 52.3 64.0 40.2 27.4 46.6 85.2 86.1 46.1 64.0 74.6 24.7 46.3 11.1 36.4 37.3 98.4 86.2 93.8 56.7 20.6 55.8 22.2 72.1 64.2 56.6 10.5 80.3 37.6 30.4 58.7 17.8 95.5 18.5 66.3 75.7 0.6 38.1 24.4
6.4 74.8 84.8 90.9 66.0 36.9 95.8 75.4 8.5 71.0 74.8 35.7 32.3 55.3 26.8 83.0 41.7 69.0 97.3 35.2 82.5 32.0 72.9 91.3 95.1 57.0 31.8 42.2 5.7 48.7 70.2 62.0 1.4 90.2 13.4 60.8 93.1 12.6 9.8 1.7 3.1 21.6 29.6 15.2 82.5 92.8 62.4 55.1 34.0 80.7 0.0 63.5 27.9 20.2 2.0 10.5 80.8 31.0 93.4 25.7 78.1 74.4 36.4 10.1 51.7 34.1 67.7 42.7 98.8 10.1 29.6 65.3 37.5 59.5 94.2 93.8 37.2 37.7 15.5 29.1 73.6 38.5 63.2 0.7 74.2 30.9 71.6 55.9 75.1 12.7 36.6 49.8 20.4 77.0 6.9 1.8 43.0 42.3 2.4 49.4
30.3 27.3 87.0 7.0 39.8 42.6 22.4 67.4 83.1 5.1 46.6 8.4 45.7 51.2 43.0 83.2 46.2 97.0 14.4 93.1 83.8 54.7 26.7 88.2 84.4 6.1 98.6 71.0 91.1 27.6 41.6 56.7 98.7 67.1 29.7 14.2 99.8 68.3 43.0 10.5 77.1 47.2 43.7 53.8 9.0 93.0 82.3 78.5 40.6 65.7 92.9 0.0 1.4 70.2 30.5 84.3 63.9 42.0 76.3 48.4 80.0 32.9 40.2 13.9 43.8 10.3 51.1 4.8 53.1 87.7 65.4 9.7 74.2 43.9 62.3 95.7 84.0 14.8 3.7 52.5 35.9 12.6 87.4 57.3 97.4 83.7 51.3 68.8 67.5 69.2 72.3 66.6 69.7 34.7 25.9 34.7 89.2 68.3 3.4 13.0
15.9 51.7 79.5 9.6 36.9 82.8 27.2 93.7 11.5 15.8 94.7 56.7 94.0 53.5 45.4 49.5 91.7 99.7 33.2 5.7 63.0 18.1 92.5 99.6 4.7 74.1 82.2 20.0 38.4 97.6 47.9 73.0 69.7 35.7 64.3 21.9 70.6 90.4 93.9 30.5 72.5 95.2 98.8 21.3 6.3 60.7 16.4 46.0 9.9 71.7 92.1 84.6 0.0 21.4 86.2 21.0 85.0 93.2 75.9 21.1 80.8 68.2 19.7 23.8 10.9 41.8 80.6 87.7 10.7 35.4 70.1 43.3 56.6 38.9 17.8 7.8 97.6 100.0 3.2 8.4 44.5 84.6 78.2 15.2 40.8 44.5 97.5 45.7 77.3 29.5 60.2 52.3 74.1 5.8 57.8 19.9 85.3 43.2 31.8 28.1
56.6 46.4 44.2 48.1 31.1 91.5 14.1 16.3 50.3 20.7 63.3 11.1 7.5 86.4 10.3 27.3 24.6 32.2 64.0 14.6 76.4 6.4 46.8 9.3 69.4 77.7 64.7 55.5 12.1 9.3 23.9 9.5 85.4 74.0 57.6 26.7 22.8 3.9 56.0 5.8 78.6 14.9 14.7 85.9 50.1 24.0 43.2 12.4 28.0 48.5 1.7 82.1 50.3 0.0 11.2 62.3 18.5 74.7 78.1 38.9 45.7 11.3 7.2 72.8 28.8 97.1 38.2 48.5 94.3 7.7 22.6 36.3 3.5 84.9 79.3 77.2 53.8 57.2 65.4 98.5 73.8 6.2 57.5 61.1 17.0 99.0 23.0 72.3 9.5 92.4 36.8 42.6 3.3 33.3 13.0 42.5 64.3 46.7 60.7 16.3
35.0 77.0 17.9 51.0 88.6 39.6 6.7 34.2 40.4 91.0 83.5 13.8 49.8 51.3 74.3 94.1 19.4 22.6 79.4 86.2 57.6 73.0 17.0 62.4 83.5 44.6 30.5 47.5 92.8 25.6 48.6 74.5 78.3 74.8 85.8 32.2 48.4 90.8 23.6 8.9 91.1 38.1 94.9 3.6 76.4 10.4 0.5 28.7 58.0 96.2 33.2 3.4 53.9 70.0 0.0 96.9 50.3 54.4 34.7 31.9 42.1 71.9 14.5 77.1 27.2 95.4 44.2 94.3 94.2 62.0 56.0 17.8 8.3 14.1 96.0 38.2 39.8 62.5 78.7 8.1 45.0 70.5 95.8 14.0 86.2 88.8 22.6 73.5 17.3 56.6 26.8 30.7 67.1 77.7 67.8 50.2 35.0 29.6 71.6 45.9
45.8 26.2 4.9 85.5 23.8 42.1 23.9 39.0 74.4 97.6 6.6 46.7 13.3 31.9 81.4 94.7 29.0 76.7 78.0 6.7 65.2 44.0 26.6 2.9 53.7 50.1 12.8 96.8 34.1 89.5 61.9 28.5 95.8 57.8 94.1 70.7 0.9 50.3 1.9 3.5 95.5 44.9 51.0 69.2 11.2 55.2 1.9 72.0 59.1 97.7 91.5 89.4 21.9 96.3 59.5 0.0 27.8 70.0 28.3 91.7 79.2 44.4 22.5 33.4 60.5 41.9 44.1 99.8 42.8 93.2 6.7 90.7 84.7 38.1 54.0 70.2 97.9 3.5 22.7 46.0 72.4 37.2 95.6 88.6 47.8 56.2 68.0 8.9 87.7 51.1 82.7 79.9 43.8 67.6 74.9 78.9 38.8 65.6 27.4 31.5
40.4 19.1 84.2 3.1 56.1 10.4 1.7 23.4 83.2 21.4 2.4 43.3 75.7 63.3 63.4 44.5 43.7 92.2 68.8 27.6 9.8 38.6 87.8 21.3 60.2 89.1 40.4 38.4 87.2 61.3 74.1 30.8 49.8 0.3 73.1 99.1 55.3 12.3 12.1 25.0 27.6 52.2 91.2 37.8 26.1 27.8 49.9 71.2 23.4 7.4 77.8 68.2 63.7 54.9 27.5 23.2 0.0 73.3 26.7 74.0 31.2 73.1 37.9 13.9 17.8 91.0 11.9 59.8 85.2 51.1 4.7 84.3 60.7 84.6 3.0 18.5 96.0 82.7 24.3 13.3 48.0 94.1 30.6 49.5 75.7 76.7 22.5 14.6 99.9 83.0 5.1 86.3 43.5 25.2 81.6 69.0 24.4 4.0 97.9 55.6
69.3 21.2 6.7 3.1 60.8 83.0 38.6 10.2 33.8 93.5 32.1 30.6 65.2 14.3 48.2 28.5 80.4 42.3 14.9 97.9 17.0 82.1 46.8 8.4 61.9 81.2 23.0 56.4 10.6 1.7 6.3 60.4 68.2 95.9 64.7 15.0 86.9 46.8 40.7 43.6 2.4 49.8 33.5 2.5 6.0 47.1 23.5 46.2 39.9 96.5 35.3 18.3 1.7 42.7 75.6 9.2 50.4 0.0 25.7 89.2 27.3 46.0 34.4 47.6 15.7 78.7 73.6 1.9 63.9 79.8 85.7 26.8 18.0 45.8 8.3 14.1 48.2 95.3 50.1 89.2 78.5 3.8 8.9 60.5 32.5 9.2 26.2 20.5 40.5 76.8 23.7 49.9 51.1 44.2 14.9 24.9 40.2 6.5 35.2 75.1
81.0 46.0 21.1 25.7 96.7 84.9 57.0 3.6 56.6 39.3 46.5 74.9 25.5 70.6 19.6 71.4 0.5 33.2 88.8 94.2 36.9 79.7 68.8 64.1 16.0 2.9 98.5 82.2 92.8 54.6 32.6 38.8 45.5 67.0 99.6 55.8 36.4 58.8 97.5 48.3 89.2 97.4 94.8 79.8 8.6 33.8 14.9 15.0 90.3 100.0 34.4 21.6 80.0 9.4 92.8 46.4 17.1 74.8 0.0 93.0 24.4 41.7 31.2 14.6 68.1 31.0 20.4 35.6 26.7 41.1 2.7 11.5 66.6 58.0 44.7 74.9 86.3 8.0 92.6 92.4 27.6 24.4 34.4 89.5 66.5 73.6 46.7 45.5 37.5 28.8 98.4 73.8 88.9 91.6 13.1 58.0 45.4 38.4 55.0 80.1
70.5 2.1 51.0 66.8 6.5 35.8 55.7 97.2 72.1 2.8 29.5 56.1 16.9 69.9 76.5 1.9 61.1 59.5 22.9 38.8 83.1 28.7 19.9 68.1 38.3 36.1 65.7 16.4 80.4 8.4 26.1 6.9 21.5 47.3 31.8 23.6 24.1 17.9 63.8 30.5 5.1 19.5 69.9 92.5 3.0 34.8 13.4 74.2 87.7 19.9 29.8 17.5 98.2 7.3 84.3 39.7 62.1 93.7 32.4 0.0 96.3 98.5 2.6 69.5 75.9 37.3 80.7 74.6 13.1 38.4 23.4 94.0 33.3 86.2 56.3 79.6 68.7 60.4 88.7 63.4 86.3 47.9 27.9 33.2 92.8 45.4 84.5 61.1 0.8 41.2 24.2 63.5 44.8 0.7 26.7 79.1 47.1 55.6 70.3 59.4
59.9 6.4 26.7 71.9 78.2 8.0 8.6 84.9 43.1 74.6 85.3 48.4 37.5 94.6 35.2 69.1 56.0 52.6 77.1 35.1 72.1 50.7 75.8 87.9 96.3 39.0 67.0 90.6 47.0 44.3 94.6 39.8 1.0 30.5 36.6 8.5 85.5 39.5 88.3 55.5 66.1 3.3 30.1 36.1 62.8 66.1 46.0 97.3 46.2 14.3 56.3 28.0 62.4 98.5 81.2 92.6 98.1 67.6 92.3 84.2 0.0 96.2 56.2 69.4 70.3 50.7 88.9 10.8 55.2 42.1 32.6 1.8 55.3 39.4 34.3 55.1 48.3 29.6 48.0 31.4 70.0 12.2 96.8 33.4 34.9 68.5 20.1 50.9 8.2 10.0 93.9 71.4 58.1 34.1 80.1 76.5 68.4 78.6 97.0 70.7
15.9 25.7 4.9 66.8 0.2 12.5 70.2 59.5 23.3 97.0 5.9 29.0 83.1 99.6 2.4 41.1 19.0 61.7 60.8 76.8 77.8 67.4 3.4 81.9 12.5 40.7 98.4 91.1 21.3 21.6 33.9 22.9 64.2 21.2 71.7 87.2 7.3 60.6 49.3 96.2 74.7 91.5 87.1 79.6 95.0 43.7 32.2 34.6 97.1 23.5 52.0 66.9 54.2 13.5 75.3 43.9 5.8 31.8 84.0 41.0 81.8 0.0 87.6 90.8 28.2 60.1 55.7 62.5 46.2 94.7 24.5 34.1 74.7 6.6 80.9 89.1 64.1 81.8 30.8 9.9 26.8 74.0 37.1 93.6 22.0 42.3 36.1 44.0 27.7 37.8 11.6 48.8 42.4 6.8 90.2 69.4 35.2 36.5 39.7 58.1
36.6 40.2 47.5 23.6 98.2 56.4 71.0 27.9 24.8 96.1 31.3 78.9 65.5 48.2 50.6 87.2 56.5 49.2 41.8 47.2 50.1 83.9 22.4 88.8 64.8 54.6 71.8 76.0 45.7 4.5 11.4 83.3 36.1 54.1 92.7 90.8 85.9 75.5 67.3 21.9 74.5 68.5 78.1 84.7 74.9 96.4 5.4 51.2 29.7 30.9 20.9 30.4 16.8 12.8 17.8 24.1 97.8 46.8 89.3 85.0 54.8 48.9 0.0 7.8 50.2 16.6 58.0 33.7 10.0 54.7 69.5 97.1 20.8 88.4 57.4 89.4 40.9 5.4 57.9 60.9 80.9 67.1 23.4 26.2 40.0 5.3 13.4 50.7 33.7 67.9 83.4 41.7 90.0 22.6 40.1 25.6 57.0 81.3 95.1 17.7
45.2 86.9 89.4 65.8 10.9 13.0 86.6 87.0 93.1 80.8 43.7 30.7 59.4 15.1 28.4 17.8 72.9 91.6 19.9 42.6 53.0 54.2 46.1 43.6 60.6 95.3 89.4 12.8 38.3 76.6 79.9 33.6 97.3 63.3 20.2 2.4 95.4 74.6 16.3 83.6 87.0 91.7 43.6 85.0 9.9 31.4 69.8 6.7 45.7 3.7 52.5 51.9 14.0 47.9 25.2 68.6 47.3 81.9 11.1 83.9 68.5 83.4 88.3 0.0 45.3 44.6 9.5 97.8 63.6 94.3 95.6 92.0 21.7 77.7 50.8 72.7 14.4 35.7 54.2 29.2 59.5 85.0 2.4 40.7 43.4 46.1 11.4 9.5 72.5 14.0 6.3 99.6 34.0 42.6 6.4 11.5 65.6 72.7 5.6 47.8
12.7 20.5 15.2 5.7 7.5 8.4 81.3 51.8 9.2 91.0 83.7 67.4 88.2 54.0 83.8 35.0 89.1 54.3 56.7 91.8 57.1 10.3 72.5 36.5 1.5 87.2 37.6 96.0 59.3 27.2 61.1 13.4 45.5 95.5 90.3 78.3 42.8 53.5 13.6 40.2 57.4 63.2 58.3 70.1 4.6 34.1 81.4 84.8 13.9 27.3 44.7 8.2 66.3 15.5 13.4 5.9 19.2 90.2 62.6 11.2 8.1 34.6 5.6 85.1 0.0 12.6 39.3 52.8 36.8 31.6 59.5 20.6 48.9 8.6 45.0 13.8 24.3 12.9 99.1 75.2 98.3 78.5 22.7 3.3 41.8 54.5 99.9 31.3 2.1 23.2 91.7 37.5 26.9 66.3 34.8 47.1 14.8 63.6 51.1 57.9
47.8 10.5 43.1 60.6 63.8 34.1 30.9 82.4 31.8 97.0 16.1 88.5 94.6 41.3 23.8 9.4 49.4 39.4 98.7 66.2 61.9 47.8 40.3 50.1 48.7 28.3 36.6 24.9 12.9 3.1 77.4 79.3 81.7 41.3 21.1 56.0 96.6 42.6 6.3 84.8 28.6 16.9 49.9 82.0 88.2 81.6 11.2 30.8 91.0 50.5 91.9 14.1 51.0 31.4 19.4 25.5 31.6 33.3 70.4 16.5 1.1 16.9 2.1 88.0 45.5 0.0 20.7 28.7 61.3 97.8 39.7 9.0 50.6 4.1 7.9 33.3 25.3 43.7 88.1 13.1 45.3 11.5 64.6 24.4 80.7 83.6 3.6 37.7 68.2 7.8 87.8 25.1 22.7 79.3 64.8 61.2 3.4 5.8 33.5 59.6
59.5 70.7 40.7 92.6 93.4 79.3 36.2 24.8 47.2 18.9 91.2 27.9 68.0 35.6 64.9 24.0 92.2 78.3 69.3 31.2 93.6 97.2 98.0 22.2 13.9 16.3 88.7 62.7 34.2 36.1 74.9 4.1 41.2 80.8 22.2 68.9 89.3 11.7 31.6 20.3 10.9 34.5 39.7 61.0 23.7 2.5 20.3 17.3 38.4 16.6 26.0 39.2 86.3 21.4 86.6 27.3 55.8 4.9 89.1 81.9 14.1 95.6 37.8 55.0 75.9 33.7 0.0 84.4 44.5 96.6 95.8 35.6 19.0 98.1 67.3 10.5 79.0 27.7 66.7 91.5 34.7 26.5 33.8 68.1 20.8 64.1 6.8 98.1 62.0 90.7 61.1 52.6 96.3 78.1 67.6 23.7 15.5 30.9 90.3 18.5
55.3 21.7 54.6 81.9 15.4 23.1 71.8 65.8 26.6 27.9 57.6 64.9 19.2 81.9 81.7 26.0 44.0 5.4 49.5 34.3 57.6 90.6 73.8 69.5 6.7 87.2 78.4 60.6 44.9 34.0 60.1 26.7 62.1 5.5 57.1 92.0 90.1 49.9 94.3 37.0 52.6 37.1 57.0 74.1 86.2 91.2 50.1 27.0 30.4 55.6 77.4 61.4 4.3 61.9 18.1 94.2 67.5 85.3 47.2 50.9 35.1 56.6 56.7 48.4 77.7 96.7 11.2 0.0 1.9 10.5 19.4 26.8 68.1 81.1 70.5 3.2 67.1 29.2 2.3 25.3 29.3 27.3 87.7 84.9 2.1 7.1 87.1 34.0 8.3 12.4 46.9 18.8 76.3 77.3 53.9 14.5 50.7 4.6 12.9 28.1
61.2 52.6 92.3 14.1 30.9 47.1 16.9 59.5 45.6 56.2 50.5 19.4 54.7 28.9 7.2 23.3 16.9 60.4 57.3 58.4 46.3 50.1 26.2 28.4 98.3 14.7 71.3 62.4 61.6 25.9 4.5 41.5 13.9 28.2 43.8 57.1 62.4 86.8 41.2 88.9 96.7 23.3 79.6 94.7 73.6 21.0 27.0 22.0 79.5 44.8 84.5 3.1 31.3 54.2 5.0 4.1 4.1 29.8 99.4 77.0 17.1 0.8 65.1 92.1 56.9 73.5 32.3 2.9 0.0 84.9 0.2 11.3 84.4 53.3 24.0 42.6 70.3 6.6 38.8 83.7 30.0 78.8 88.5 79.9 30.7 56.9 14.3 96.1 73.8 93.0 74.5 98.9 34.6 56.5 67.7 73.2 96.7 70.9 78.0 30.6
19.5 7.2 88.7 24.8 98.7 4.0 95.1 92.2 46.5 49.1 27.7 23.9 72.8 13.9 81.8 48.4 36.4 71.1 32.9 89.7 61.5 77.6 84.8 5.8 14.1 33.3 86.7 87.1 88.1 34.3 9.7 89.2 55.7 43.8 82.1 30.6 94.3 71.4 4.6 70.8 48.6 5.8 12.7 30.7 1.7 84.1 18.4 38.7 84.0 19.6 6.7 67.6 53.7 35.7 88.8 32.1 37.2 53.1 66.5 1.2 23.2 23.2 72.6 100.0 32.4 32.9 27.5 30.2 27.0 0.0 1.0 44.5 16.9 59.2 88.8 58.5 4.2 56.6 14.8 15.7 50.0 13.7 92.7 62.9 6.5 19.1 16.8 11.9 19.5 19.2 28.8 91.1 46.8 45.8 56.7 29.2 50.2 89.5 87.5 6.5
74.0 34.6 46.4 19.7 67.2 50.2 51.5 21.9 87.4 71.0 36.6 99.5 74.3 61.4 79.2 23.9 82.4 61.7 84.2 53.5 14.3 7.2 40.2 5.4 93.3 75.4 20.4 78.6 18.3 37.4 41.2 95.2 3.6 56.2 46.1 85.3 98.5 19.2 78.1 63.8 17.3 71.6 67.0 96.1 56.5 7.1 27.9 57.8 88.1 77.5 34.5 95.9 20.5 29.2 68.3 54.0 62.5 81.3 73.5 82.4 25.8 76.9 22.6 76.6 64.7 7.9 72.0 53.3 94.8 19.0 0.0 81.3 32.1 42.6 2.9 69.3 10.4 82.1 10.8 49.3 89.3 50.1 42.5 8.7 34.4 25.4 18.9 6.6 60.3 44.7 64.4 61.6 59.1 41.5 24.9 7.1 38.9 35.5 0.7 0.1
44.6 18.6 17.7 81.9 85.2 98.5 69.1 14.5 83.8 31.9 96.6 49.7 77.6 42.7 21.6 28.4 54.4 98.4 21.0 61.6 84.2 32.8 33.6 45.6 3.7 91.0 86.1 93.8 79.7 81.8 63.6 13.6 69.5 45.7 16.0 18.4 41.5 89.1 70.9 3.6 90.1 29.1 38.8 74.7 55.5 21.9 61.1 95.0 23.3 15.7 15.5 89.2 31.4 17.9 66.4 70.2 35.6 50.3 28.5 5.1 42.0 42.0 18.1 91.7 84.8 5.1 7.5 98.7 46.7 17.5 35.5 0.0 90.1 46.8 83.4 89.4 38.7 27.1 53.3 15.4 93.5 45.8 22.8 39.2 89.4 33.0 7.2 78.9 9.8 36.4 83.5 57.7 99.5 99.6 30.3 13.1 3.3 38.5 52.0 14.6
62.0 27.0 2.1 90.9 15.7 73.1 4.3 20.5 64.2 64.3 14.6 96.6 2.2 37.2 23.8 11.4 92.6 64.1 51.9 47.7 81.3 1.1 72.9 65.8 62.5 40.4 51.7 23.6 17.9 85.9 36.6 52.6 57.1 97.9 74.1 2.8 13.0 9.1 4.6 53.6 35.1 33.5 60.9 19.8 43.5 54.9 5.7 3.9 20.4 97.0 84.8 4.2 60.5 1.1 47.3 10.3 55.7 48.4 11.7 8.2 15.6 74.0 15.1 50.2 96.9 94.3 95.2 51.1 13.4 50.7 73.1 24.7 0.0 30.6 69.9 4.2 21.0 43.0 51.1 75.1 62.5 32.1 93.0 63.6 62.7 94.8 30.7 0.4 45.6 65.5 79.6 69.5 81.2 65.8 16.6 33.8 19.4 37.3 37.1 75.7
62.2 100.0 47.5 23.5 82.6 56.3 20.8 49.3 49.8 39.2 12.1 9.6 65.6 62.8 90.7 53.0 68.0 39.4 23.5 25.7 47.7 23.9 38.1 6.8 56.3 49.5 92.1 25.6 42.7 75.1 80.0 12.4 53.8 59.3 29.9 6.9 30.5 89.9 2.9 32.3 38.2 44.8 30.0 33.0 76.2 48.5 50.8 17.0 31.4 18.9 94.7 95.2 80.7 83.0 9.4 41.1 54.9 50.6 82.7 27.1 83.9 18.3 11.7 10.9 56.1 65.5 37.2 32.9 62.9 17.7 40.2 79.5 71.1 0.0 73.4 57.4 64.7 36.1 27.7 65.3 32.5 12.0 34.3 6.8 80.1 88.4 51.5 93.5 99.6 2.0 52.3 47.0 31.3 61.6 82.2 4.3 92.9 98.1 11.6 90.9
84.7 47.7 8.5 8.7 10.9 87.6 45.8 13.7 28.6 30.0 63.4 77.4 92.9 37.0 98.3 70.9 19.6 52.7 11.8 26.5 30.3 20.7 83.5 57.7 38.9 37.3 29.8 0.8 91.1 70.2 79.1 39.8 37.6 87.3 91.9 55.7 44.9 39.7 21.3 91.7 32.7 22.7 80.6 87.2 26.4 56.0 32.5 16.6 10.6 81.3 37.6 4.3 30.9 98.3 92.9 6.8 49.9 42.3 9.4 13.4 29.5 53.0 68.9 74.3 51.5 1.0 98.4 33.1 7.2 15.5 28.6 12.8 48.2 57.5 0.0 52.0 64.2 78.6 61.9 33.8 56.0 15.4 60.8 20.8 56.5 49.2 73.0 85.3 97.6 82.8 31.6 92.7 10.0 0.9 43.5 48.8 20.9 9.6 20.6 51.1
10.5 76.9 23.7 61.3 70.0 14.4 96.7 48.1 81.2 13.3 5.8 23.6 93.0 62.1 11.0 11.0 6.3 16.6 67.4 32.7 45.1 35.9 24.6 93.4 80.2 51.0 49.6 51.0 87.4 47.9 39.1 2.0 81.5 94.8 16.3 96.3 60.7 57.6 69.9 38.4 81.5 35.5 24.5 11.7 40.3 3.3 13.7 65.8 42.5 46.7 9.4 92.8 93.6 42.8 23.6 4.4 97.7 86.1 96.1 5.8 36.5 0.1 69.3 9.5 25.4 54.6 89.3 3.8 91.6 37.8 97.9 39.7 13.7 35.5 19.6 0.0 6.1 38.2 69.6 99.3 0.4 66.8 59.3 0.7 34.2 73.2 13.1 11.9 82.4 70.4 61.4 32.6 78.1 3.1 71.7 39.8 62.5 95.7 32.9 86.8
6.4 74.4 7.1 57.6 3.2 47.6 54.1 40.8 14.6 56.0 56.1 98.0 62.9 55.1 90.6 99.5 60.3 90.4 9.3 3.8 24.3 15.1 36.1 35.2 50.1 42.5 77.9 81.2 64.1 16.4 88.3 56.6 100.0 85.3 62.9 17.6 54.5 34.3 46.5 78.3 51.8 24.3 30.8 68.4 11.6 61.8 35.7 47.6 73.5 0.5 60.0 21.6 21.1 47.8 45.5 40.6 32.4 56.4 44.3 99.8 76.7 99.5 81.5 7.7 87.1 16.2 94.2 12.5 84.1 13.9 7.2 83.5 31.2 20.6 53.8 31.2 0.0 69.0 44.6 84.2 33.7 69.6 83.4 68.6 78.4 79.4 60.6 39.8 10.4 13.7 69.5 11.0 22.8 22.8 1.9 35.0 78.5 25.9 57.5 84.9
98.3 73.5 15.8 52.9 47.6 40.0 80.1 95.3 49.7 21.3 32.2 85.0 41.9 66.4 90.3 95.1 41.1 47.9 74.1 46.4 21.5 83.6 88.3 24.3 59.9 71.0 18.7 68.6 64.0 77.4 88.4 49.5 39.6 14.7 64.2 54.0 69.6 64.6 13.3 34.7 71.7 67.1 73.4 90.0 16.0 47.8 25.3 10.5 55.5 25.0 7.7 47.7 55.3 27.0 89.4 1.8 58.1 3.1 87.5 40.1 58.0 25.5 41.0 39.0 9.4 80.5 90.3 5.8 57.7 72.3 71.2 44.0 51.8 52.7 24.2 83.2 53.0 0.0 2.6 47.5 1.4 87.9 42.0 16.6 77.9 84.0 85.4 49.8 33.1 21.6 74.2 54.7 25.4 10.8 77.5 14.4 62.4 61.2 23.0 20.3
58.6 24.6 52.6 9.2 98.2 25.1 38.1 69.4 95.0 17.6 87.7 4.9 39.7 33.5 85.2 14.2 33.2 52.3 23.6 85.4 63.1 0.7 36.4 6.8 87.8 62.4 44.5 47.8 46.9 75.8 37.3 78.4 26.0 33.6 68.7 91.2 36.7 67.7 80.2 41.9 90.2 33.9 98.2 75.9 50.3 91.5 40.2 11.9 67.9 18.7 76.8 13.1 78.9 57.9 93.5 6.1 51.9 92.1 80.0 39.6 94.7 76.5 74.6 98.1 79.2 33.3 99.1 82.1 97.8 53.0 62.0 84.0 93.7 6.5 98.1 3.0 53.0 42.8 0.0 41.4 66.4 37.3 37.5 20.3 66.3 82.9 78.7 49.7 4.6 77.9 6.1 49.9 91.5 9.2 92.0 78.2 43.4 46.2 26.3 90.9
56.2 15.9 48.4 19.7 60.5 87.8 12.4 95.4 94.8 7.2 16.9 56.9 85.7 38.0 10.2 68.4 40.4 99.9 55.9 17.7 79.9 57.8 13.4 16.3 34.6 6.3 65.5 68.0 77.5 37.5 67.7 88.9 22.3 69.5 28.2 18.1 71.5 45.3 21.1 94.2 79.5 60.8 83.4 44.2 88.3 65.4 81.9 61.1 75.3 66.0 83.9 4.8 76.9 69.0 80.4 79.4 99.3 51.6 93.0 5.5 50.9 13.8 94.3 44.3 94.0 13.6 84.5 83.4 35.3 53.5 72.7 81.5 6.7 85.0 85.5 2.5 29.3 71.4 11.5 0.0 9.6 33.4 84.3 37.9 95.6 25.9 64.5 67.7 28.7 56.8 55.5 61.0 58.2 80.3 10.3 98.2 24.3 85.7 33.2 70.7
19.8 93.5 67.5 44.6 46.3 52.2 90.3 89.7 8.6 39.1 67.3 98.4 0.4 8.4 93.2 34.8 39.9 8.5 65.8 89.1 98.6 74.4 59.7 50.1 73.8 74.5 52.7 69.7 89.8 39.9 21.9 72.6 72.8 29.3 34.5 75.4 58.2 33.8 60.6 28.7 78.6 6.5 43.3 61.7 98.2 77.8 18.3 4.9 4.0 36.7 17.7 10.9 8.3 15.2 32.1 18.1 3.7 20.7 17.6 68.0 19.9 81.3 17.9 78.1 18.4 17.9 49.7 52.3 7.4 80.2 4.7 8.1 48.4 77.2 7.6 23.0 89.4 37.6 42.1 30.6 0.0 24.8 37.8 69.0 8.3 85.9 38.4 1.5 97.0 64.6 43.8 31.6 5.1 10.6 96.3 71.0 8.0 51.1 48.2 4.4
66.3 71.7 57.8 27.4 96.7 37.2 83.1 3.3 53.5 50.0 30.2 24.5 60.0 31.7 70.9 67.0 80.6 17.7 39.2 36.0 73.8 88.5 33.3 52.3 74.7 21.2 2.6 9.1 13.6 34.8 22.5 18.4 98.4 17.4 75.5 8.0 47.4 74.6 61.0 77.6 30.1 59.3 62.9 24.7 60.1 56.1 46.4 97.2 17.2 57.3 41.7 25.0 37.5 69.0 61.2 75.5 19.9 73.2 4.0 53.0 71.6 83.9 49.6 15.9 99.6 82.9 53.1 62.3 47.3 3.1 9.3 29.0 13.5 39.6 89.2 57.1 23.9 63.5 67.5 38.0 14.3 0.0 47.1 90.6 99.1 8.8 99.8 8.4 89.4 20.7 69.8 34.3 49.2 86.8 12.0 69.6 85.7 43.8 89.1 78.1
98.5 50.0 72.9 35.2 68.6 24.5 95.7 54.7 59.4 97.8 12.4 23.9 54.2 25.5 47.2 61.1 0.6 54.9 57.6 39.5 34.7 9.9 56.6 68.6 35.9 64.0 18.3 71.2 66.8 48.3 58.3 84.6 28.6 79.6 63.4 51.6 33.2 59.2 47.6 86.6 64.3 46.4 64.2 41.1 74.7 73.8 7.1 20.5 39.2 67.9 48.0 58.7 38.6 69.1 9.6 19.8 55.7 27.3 30.9 55.2 25.0 74.1 28.9 12.7 82.8 95.9 76.2 6.4 30.0 2.2 77.8 17.0 19.0 71.5 36.7 67.1 46.6 89.0 60.4 63.0 88.4 24.5 0.0 29.5 9.9 65.1 43.2 73.7 97.4 20.6 46.2 1.7 4.0 42.6 71.4 16.1 10.5 82.1 15.1 23.9
38.1 15.9 92.9 86.2 60.2 4.3 33.8 27.4 4.3 99.5 84.6 44.8 95.2 36.9 68.7 26.7 92.4 88.7 33.7 75.2 27.0 3.2 79.9 68.3 90.4 86.8 86.1 18.4 37.9 43.2 15.5 3.5 83.3 90.8 92.1 64.8 97.0 41.1 69.3 5.2 85.6 31.0 97.4 18.5 55.4 19.4 26.9 20.6 54.9 35.7 84.7 57.3 6.2 40.5 3.6 82.8 53.7 15.3 27.5 46.9 20.5 23.8 50.0 91.7 14.2 53.1 81.2 98.4 8.2 70.1 18.9 24.3 50.0 83.6 11.5 87.3 54.1 12.4 64.8 44.0 38.9 93.3 99.2 0.0 75.3 18.2 92.4 80.6 17.1 69.0 24.8 21.4 9.6 0.8 49.3 76.8 17.4 99.5 95.6 99.6
79.9 38.7 86.5 8.0 96.1 61.8 15.6 62.8 53.5 0.7 92.9 39.0 47.1 11.1 51.2 78.2 54.6 38.3 62.9 26.8 10.4 65.1 4.1 95.6 57.7 29.9 47.1 78.5 54.8 43.2 6.4 34.4 90.0 76.3 83.9 88.8 23.8 91.1 91.8 68.9 99.6 26.6 73.6 57.7 48.5 90.4 37.2 7.2 17.0 22.4 28.1 56.6 4.3 12.5 33.2 3.2 69.6 15.8 47.5 43.9 46.5 34.2 31.0 48.8 77.5 47.6 52.8 47.7 30.4 82.9 73.8 75.4 72.7 6.9 50.5 56.1 48.9 54.6 69.1 1.4 81.7 20.1 88.6 35.6 0.0 70.8 70.2 31.4 23.1 65.4 55.3 80.1 4.0 10.0 70.0 8.6 66.8 88.8 35.0 71.5
22.1 80.9 77.8 91.3 42.3 93.5 40.1 34.8 57.2 82.7 5.2 46.1 35.3 52.5 28.3 79.8 68.7 1.2 68.8 4.9 81.9 18.6 91.7 55.4 75.8 74.9 79.4 56.0 71.7 51.2 6.3 8.0 92.2 72.7 94.5 65.0 39.3 63.9 2.8 29.8 36.4 66.7 26.2 81.6 92.0 8.8 7.6 16.9 16.6 64.2 86.7 87.5 28.3 21.3 28.8 71.7 51.2 34.9 91.2 94.1 10.6 53.4 48.1 67.2 13.9 90.9 31.9 70.1 42.3 9.2 96.0 45.8 17.6 70.6 76.0 64.6 21.9 43.3 49.4 74.9 13.7 65.4 46.9 80.8 88.7 0.0 98.1 27.6 91.4 89.4 60.3 74.3 62.0 37.1 59.4 65.9 46.5 33.6 17.6 42.2
90.7 13.7 28.0 14.0 91.6 58.4 77.5 89.9 43.0 33.8 33.6 4.0 46.0 84.0 17.7 43.2 75.8 40.7 57.2 80.9 16.1 30.4 55.9 60.5 15.7 55.3 90.8 18.2 18.9 7.3 1.8 8.4 17.0 16.0 13.0 16.9 44.1 75.7 49.0 97.4 1.6 16.6 81.4 16.3 82.1 37.2 96.2 9.9 86.3 94.8 69.7 53.3 55.5 60.7 64.9 56.4 21.6 85.8 36.5 29.6 63.5 61.5 52.2 12.4 66.0 87.5 85.8 72.5 1.5 8.6 2.8 20.9 92.5 61.4 87.3 0.6 89.6 10.8 97.7 46.2 97.8 30.1 96.4 39.4 47.8 63.4 0.0 97.0 95.6 55.0 32.0 13.2 75.5 92.4 84.1 61.6 49.1 74.4 48.2 98.4
15.4 83.2 65.9 42.7 74.1 53.9 12.2 0.3 33.7 94.2 36.0 99.8 43.4 88.7 42.6 60.6 32.7 14.9 88.1 44.9 64.3 79.7 75.4 12.1 19.8 78.2 84.7 45.2 97.9 12.7 34.1 6.1 43.2 25.1 19.6 61.7 81.6 89.2 5.8 21.2 67.6 6.9 60.8 27.4 9.3 26.3 49.1 7.0 86.0 95.7 66.8 63.8 97.1 33.6 74.5 58.8 14.6 16.3 29.8 22.3 1.8 12.7 6.0 36.0 29.3 81.7 42.6 92.6 6.8 10.3 9.5 12.2 47.1 79.1 98.9 53.9 62.5 27.3 25.7 86.0 1.8 67.9 65.2 49.7 69.1 42.8 73.2 0.0 72.6 37.3 21.8 0.9 56.0 75.5 0.2 45.6 8.9 8.3 5.7 55.5
28.8 88.8 18.9 91.9 44.7 56.3 54.0 34.1 83.5 40.6 48.5 14.7 34.4 5.5 16.4 100.0 37.9 54.0 30.6 89.8 18.9 8.9 15.6 13.2 61.5 97.1 24.7 67.2 20.8 60.0 93.8 46.5 76.1 38.9 47.7 54.9 60.2 19.1 79.4 80.3 40.2 30.6 13.1 48.1 13.8 78.1 89.9 72.0 81.0 17.2 97.1 7.8 95.6 18.9 69.5 88.3 64.4 73.2 55.9 2.8 75.0 19.9 35.1 70.0 86.4 23.3 65.5 59.0 57.9 83.5 62.7 34.8 96.6 15.1 17.9 61.1 77.1 8.4 82.9 73.2 79.2 52.5 35.0 66.9 31.2 21.7 38.1 41.4 0.0 84.8 94.8 31.3 27.7 95.4 78.9 70.1 17.8 33.3 54.2 92.3
17.1 77.8 38.4 56.6 29.8 81.7 91.6 89.4 57.8 81.8 17.0 97.6 34.9 14.9 22.2 31.6 92.1 96.3 80.6 24.5 4.6 59.4 86.1 66.0 55.4 69.2 62.0 11.8 54.1 19.2 93.2 75.3 30.9 71.2 10.8 42.7 26.7 55.4 48.1 40.3 71.7 72.8 44.9 44.6 63.4 17.5 61.5 10.7 29.7 35.5 43.5 18.4 88.2 41.0 70.3 65.1 17.1 16.5 67.5 63.3 6.8 63.4 35.3 61.0 7.5 44.4 74.5 70.7 19.4 56.1 35.9 37.1 67.6 99.5 66.4 84.6 44.3 49.6 9.7 91.7 62.1 62.7 60.0 5.2 88.2 24.0 57.6 91.5 9.6 0.0 10.7 72.2 42.2 31.9 37.8 42.3 28.5 4.6 91.8 59.1
43.6 42.0 96.7 30.0 94.8 82.3 32.5 95.1 76.0 61.7 96.7 41.1 63.3 86.9 20.0 82.9 32.3 39.9 93.3 66.6 87.8 28.9 37.6 48.9 13.3 13.5 66.4 18.1 59.4 10.8 52.7 30.0 58.4 0.2 73.8 77.0 1.6 27.9 35.7 56.7 3.7 70.6 16.5 72.5 88.0 34.6 67.5 30.7 88.4 36.7 56.8 1.2 12.3 86.3 24.3 72.9 98.3 79.5 18.9 59.5 73.8 52.7 28.6 69.0 95.1 86.9 55.6 51.3 23.8 62.7 1.1 51.9 48.4 11.2 20.0 38.3 1.6 99.5 69.3 72.9 62.4 65.2 0.1 33.5 49.0 14.5 14.1 48.9 1.1 17.9 0.0 71.9 13.7 78.7 9.4 69.9 88.8 34.3 8.4 84.5
18.3 66.2 19.5 27.2 58.3 82.9 12.2 17.0 92.2 74.7 45.6 54.1 67.1 44.5 86.2 67.2 70.5 2.7 82.3 19.6 96.1 48.9 10.3 41.6 64.0 71.9 4.1 96.6 47.0 39.4 32.8 82.7 92.6 40.1 5.5 41.1 71.9 46.4 24.1 57.0 96.4 15.2 85.0 48.4 82.1 38.9 57.9 75.8 23.6 27.9 41.8 10.6 13.7 55.4 40.8 97.6 89.5 42.2 25.7 75.1 22.8 89.5 34.3 11.2 30.9 36.5 83.2 34.0 35.1 81.4 63.5 24.8 51.9 41.6 51.9 4.0 27.6 62.3 24.5 45.0 87.1 77.3 7.3 81.5 3.4 19.6 22.8 50.1 4.6 45.4 13.3 0.0 89.5 78.7 82.2 46.7 45.1 71.6 34.0 65.3
97.1 91.2 90.9 17.0 13.3 70.7 76.9 69.7 61.9 41.0 92.4 60.3 15.6 42.7 83.7 62.0 71.3 56.3 34.5 86.9 10.5 30.9 28.9 52.5 82.1 33.0 42.4 29.1 19.6 82.0 24.6 77.4 52.9 76.1 42.4 48.6 65.6 98.2 93.3 96.0 57.2 77.0 33.0 32.5 86.0 76.6 30.3 50.7 8.2 78.8 22.4 61.1 21.9 11.7 4.6 68.9 38.5 22.5 44.3 45.6 66.0 57.9 32.1 53.9 86.8 22.7 6.0 62.9 71.3 74.6 69.1 81.0 88.4 6.5 49.1 83.5 1.9 8.2 22.0 18.2 6.5 70.1 64.2 28.4 57.1 26.1 46.1 97.0 44.4 10.5 36.9 0.8 0.0 23.4 99.5 34.3 22.9 88.6 70.8 49.8
72.9 96.0 92.6 34.7 37.7 68.1 4.9 75.0 18.2 37.6 55.0 88.3 39.0 31.0 51.9 32.6 73.8 79.3 1.3 40.6 14.3 3.7 32.0 39.4 78.9 56.6 22.0 27.9 7.5 45.5 22.2 32.3 31.3 19.8 60.2 48.6 98.0 75.7 39.2 73.2 90.9 96.3 10.7 66.8 31.4 40.9 53.7 69.1 6.8 21.4 27.0 6.6 41.6 52.4 58.4 63.6 83.8 20.8 42.8 39.3 92.5 87.7 76.0 99.0 86.9 82.6 34.3 8.3 53.9 52.7 4.0 79.5 15.2 53.2 39.9 35.9 13.1 45.1 86.7 74.0 42.6 96.1 96.6 93.6 50.1 31.3 36.9 35.3 67.6 90.4 54.9 41.4 25.1 0.0 97.0 29.8 71.6 52.5 50.8 12.4
37.8 32.6 69.6 48.1 6.1 89.6 6.8 75.6 38.1 36.7 80.3 90.9 38.2 19.7 64.2 79.1 14.4 26.3 82.8 17.7 67.2 53.3 27.1 15.0 19.7 57.4 51.7 81.3 15.5 27.4 82.8 84.9 76.3 73.4 60.6 15.3 23.3 70.8 33.8 20.1 61.3 22.4 9.7 80.8 1.9 98.8 89.8 89.6 97.1 93.2 43.0 5.0 4.1 29.1 18.0 39.9 7.8 65.3 33.4 59.9 72.5 79.5 13.9 15.8 14.3 79.4 11.5 44.2 6.4 64.4 23.0 74.3 98.3 82.1 66.1 81.1 42.6 73.5 27.1 37.0 95.2 1.4 91.0 83.5 89.3 93.3 78.3 4.9 84.1 22.4 70.2 50.6 79.3 96.8 0.0 95.1 22.8 27.7 28.2 49.4
37.9 87.2 71.2 20.8 12.4 78.8 59.8 86.4 17.4 69.9 68.6 59.5 33.2 86.2 46.9 20.4 14.8 56.2 29.1 76.9 73.0 51.1 32.7 22.8 65.4 2.3 38.5 53.1 45.7 94.1 46.3 89.6 50.9 37.1 36.0 56.1 78.6 80.2 23.6 20.1 85.7 66.2 13.8 46.1 34.9 4.0 10.3 24.9 2.1 18.6 67.8 61.7 92.4 43.0 48.3 74.4 47.3 7.2 42.3 75.6 96.8 28.7 95.1 3.1 91.8 76.0 59.7 80.0 19.2 63.5 37.3 98.4 18.1 1.2 61.7 76.6 55.2 11.5 91.0 98.7 49.5 79.7 32.5 23.9 59.9 26.4 14.7 94.6 60.5 86.7 4.9 36.3 51.0 82.8 77.2 0.0 57.3 96.0 8.8 18.2
30.9 9.5 99.0 9.1 7.0 16.9 82.8 88.5 5.3 20.2 70.5 71.3 53.2 80.9 12.1 80.0 53.9 42.5 39.7 10.3 28.3 59.3 39.2 59.9 21.7 66.8 21.9 58.9 92.1 81.8 55.3 73.1 24.0 22.9 9.2 57.4 12.1 6.9 57.4 79.8 66.6 38.9 17.7 37.7 29.2 75.5 9.6 99.1 75.0 25.2 57.9 51.9 20.9 70.1 99.1 77.7 35.7 74.7 54.0 96.3 46.0 2.0 88.5 86.1 13.0 3.6 11.5 22.8 15.5 82.6 59.5 41.0 46.1 13.6 21.1 96.4 76.9 23.0 28.1 26.7 79.0 39.1 89.2 57.2 23.8 68.2 2.5 13.6 50.4 45.0 99.9 64.5 60.4 28.7 48.3 2.6 0.0 75.4 70.7 89.3
5.5 85.9 17.4 81.7 33.1 93.4 23.5 40.8 12.4 90.9 40.0 97.2 69.1 38.9 62.6 82.3 50.1 73.8 35.1 39.6 33.9 19.2 67.4 54.9 75.4 80.3 36.2 96.4 21.2 18.4 12.3 93.7 67.8 52.2 34.7 42.6 28.8 55.8 61.4 37.4 50.4 63.9 3.5 85.0 81.5 22.7 37.3 10.0 76.2 50.7 58.0 97.1 1.8 13.5 72.9 67.6 58.9 40.8 9.3 36.6 34.7 49.3 29.8 94.4 8.9 8.6 32.0 62.1 24.1 64.4 81.8 0.7 72.8 34.3 93.5 43.3 23.1 77.4 41.7 62.8 33.1 89.1 42.5 6.7 87.0 86.0 87.3 76.7 45.1 42.8 83.2 1.1 21.3 67.1 94.6 67.2 77.7 0.0 19.3 86.2
81.1 91.9 66.4 61.4 25.0 96.5 57.4 19.4 97.9 54.8 64.8 0.5 11.8 0.1 55.3 39.0 19.7 14.9 7.2 85.7 50.7 61.4 78.1 1.2 77.8 13.2 7.2 37.0 43.5 76.4 91.5 25.9 46.7 92.1 96.3 35.4 9.6 67.0 69.0 56.6 9.6 68.5 6.4 36.9 62.6 34.7 33.3 49.2 33.0 32.1 90.5 88.1 23.3 53.3 86.9 91.2 2.0 12.7 67.1 58.7 47.2 78.0 87.4 8.9 22.0 85.5 39.5 90.3 76.0 31.5 34.1 67.4 0.6 57.0 28.6 10.2 36.0 66.5 59.2 57.0 58.5 22.5 12.1 22.6 77.0 49.6 1.9 4.4 8.7 84.6 29.3 65.9 84.0 31.3 67.2 39.1 9.7 70.5 0.0 68.2
13.9 90.6 81.2 26.3 67.0 28.7 23.5 33.1 10.7 66.4 30.7 72.9 0.9 1.1 66.2 8.7 44.3 42.9 72.7 95.1 65.6 86.9 65.7 17.6 78.0 25.0 84.9 28.4 20.6 64.7 64.8 47.1 98.4 95.0 78.6 27.0 65.8 46.6 41.7 31.7 1.6 85.1 22.6 68.8 70.3 77.4 9.4 26.7 62.8 22.7 89.1 29.0 73.3 59.7 15.3 88.2 22.9 90.1 71.8 47.0 67.6 4.8 83.4 58.7 80.5 89.2 11.6 73.2 42.3 64.7 51.5 90.2 95.7 4.8 40.5 45.3 59.8 6.8 29.1 0.6 37.3 66.6 0.3 41.1 41.0 64.0 11.7 50.6 15.9 37.2 82.3 25.4 68.3 66.7 64.9 10.9 69.9 11.7 77.8 0.0
90
28 88 C
61 10 A
28 48 A
61 32 A
91 11 C
51 78 A
20 1 C
52 32 C
37 54 C
81 49 A
48 92 C
69 4 A
7 48 A
11 98 A
38 30 A
60 68 A
39 84 C
6 41 A
43 30 C
38 63 C
43 94 C
94 98 A
60 18 A
50 37 C
31 92 A
60 23 C
35 64 C
14 8 C
48 80 C
19 17 A
61 16 A
21 33 C
45 72 C
21 25 A
95 79 A
7 82 C
51 21 A
17 57 C
100 80 C
7 15 C
98 21 C
68 74 A
74 60 C
78 35 A
5 27 C
83 77 C
63 28 C
39 50 A
65 18 C
93 37 C
8 18 C
27 4 A
2 62 A
1 5 A
47 12 A
98 71 A
100 58 C
69 54 A
20 23 C
65 26 C
16 60 C
8 42 A
97 34 A
45 35 A
63 87 A
81 57 C
64 1 A
20 57 C
9 51 A
32 30 C
28 18 C
18 89 C
47 94 C
23 52 C
43 7 C
18 54 A
56 10 C
37 81 C
56 4 A
64 56 A
5 24 A
84 11 A
20 83 A
99 83 A
95 28 C
21 41 A
83 77 C
23 42 C
30 86 C
70 48 C
