98
6152634074577 74.6
4425740396294 88.4
5376579721197 65.5
2317503722502 86.8
8745202647941 50.6
2434268792717 49.8
1176443917726 33.8
9733125908042 76.8
7578717268782 31.2
4454150414368 71.2
1026519096229 10.6
7774856168101 55.4
1782674936673 54.5
2957274667940 84.9
5517527268920 45.9
2952421436315 60.6
9307286802931 50.6
9242646837310 96.4
8358451394765 62.6
6439105650418 5.0
9127302790136 7.9
7449254786899 34.0
2878076141080 27.7
9479073936814 25.0
3587228874182 86.2
4882044050824 97.6
1145223718926 44.8
6991166546965 26.1
2513540412145 0.4
1752449258177 99.6
3925783615460 12.8
4481393371563 18.1
7131994723919 20.6
3794854261285 90.9
9733472716303 75.5
1560337965366 66.5
9990773727733 44.9
2741695883800 94.3
4895991362117 78.1
6868043034810 82.2
3776336017208 96.1
2335622200382 81.0
5147405153146 49.9
4678126197116 26.5
1929944782508 33.3
4576140979582 69.6
2742617847779 69.9
8066418677762 43.0
9201975402535 89.6
3974079710715 37.5
1062538253557 24.1
7226367779856 26.6
6344802529982 56.8
9951955083548 71.6
6379377428326 92.2
1053835329708 43.5
2257259297989 26.6
7105038871940 88.4
3461730923306 58.0
4453088840730 22.2
6483235261395 96.2
9471812812057 34.1
3381364134773 11.5
9166283468768 51.9
2459500330170 92.7
7517309596929 81.0
4059200346814 50.8
5841340842178 17.2
9680299600786 19.6
5940972944799 87.4
4749356610234 92.5
9541425548998 61.0
1752123904942 71.9
4000958640793 4.0
4831906909276 29.0
4476944946480 34.9
2639835217828 46.9
5726783120084 45.9
2208197291995 64.0
3823195015813 38.7
9525003987273 29.9
6073725366390 22.3
9865582210219 78.0
5775415865483 70.4
2815672170929 7.8
6272008311010 99.3
4626222356865 82.8
2550375355463 46.6
6182641289522 21.8
3644325174462 83.8
7451249538130 79.7
8084932021757 21.3
5281553510241 68.5
9558524547055 13.9
7055360365140 33.8
5149559587122 95.9
7643142578963 5.3
8807099484570 33.3
98
6152634074577
4425740396294
5376579721197
2317503722502
8745202647941
2434268792717
1176443917726
9733125908042
7578717268782
4454150414368
1026519096229
7774856168101
1782674936673
2957274667940
5517527268920
2952421436315
9307286802931
9242646837310
8358451394765
6439105650418
9127302790136
7449254786899
2878076141080
9479073936814
3587228874182
4882044050824
1145223718926
6991166546965
2513540412145
1752449258177
3925783615460
4481393371563
7131994723919
3794854261285
9733472716303
1560337965366
9990773727733
2741695883800
4895991362117
6868043034810
3776336017208
2335622200382
5147405153146
4678126197116
1929944782508
4576140979582
2742617847779
8066418677762
9201975402535
3974079710715
1062538253557
7226367779856
6344802529982
9951955083548
6379377428326
1053835329708
2257259297989
7105038871940
3461730923306
4453088840730
6483235261395
9471812812057
3381364134773
9166283468768
2459500330170
7517309596929
4059200346814
5841340842178
9680299600786
5940972944799
4749356610234
9541425548998
1752123904942
4000958640793
4831906909276
4476944946480
2639835217828
5726783120084
2208197291995
3823195015813
9525003987273
6073725366390
9865582210219
5775415865483
2815672170929
6272008311010
4626222356865
2550375355463
6182641289522
3644325174462
7451249538130
8084932021757
5281553510241
9558524547055
7055360365140
5149559587122
7643142578963
8807099484570
