98
1321804928247 80.8
9615284875071 86.7
9079627937889 51.5
6453786026684 30.7
9935669240389 59.7
9468588586446 52.5
7148521365643 46.9
7456985188305 78.6
9385011308831 95.7
1866770562146 22.1
4012035937908 96.3
9269726478309 77.5
6525255361534 56.1
8429166967810 7.5
5644851554999 75.0
9410788412452 71.5
7465234173339 23.5
8098771067385 49.7
1179988895276 72.7
9157099235829 53.5
1774612324590 97.2
1539051380686 85.6
7466873465324 89.5
9745670656769 66.0
6457316284721 14.7
5638226582348 16.8
5390860046160 33.5
6501802593586 11.6
6302625202653 22.0
9723664916090 3.5
3101222602738 86.4
1656718867120 15.8
1024908560043 80.5
9856828864419 56.1
5519434153386 6.6
4938515724773 24.5
2197082166163 60.9
9718948354383 30.1
1984403284625 63.2
3403844957562 15.3
5027910862032 49.6
6933081586246 97.3
6293227585793 14.5
4813747078231 49.9
5290062481113 64.4
8949092947347 90.1
3212559448977 80.7
7087075903909 26.8
9333977282151 86.9
7921619556989 87.6
6318241799452 35.5
7943661270222 65.3
1154379341941 89.2
9012579118223 99.6
5935154940091 29.4
7152396923259 56.7
9046850581050 41.9
8486566007697 25.3
4445745912261 38.5
8047626880916 91.6
8682669599024 13.9
7602215836555 69.7
4666781684693 70.9
5153820871490 77.2
1538369749776 63.5
4128917664968 56.1
2171944035011 89.1
6639341788399 82.3
8387538320851 55.8
7869991760848 67.7
3881769777833 28.3
1058136987972 8.8
4117740275633 20.5
9806404448619 75.9
1557955499998 11.2
6260186495273 32.0
3838971817764 36.7
5265276869284 84.7
3937318067965 92.9
7273217864136 43.8
3704131347173 80.0
3824448372931 56.7
2998405967070 92.9
5345143829641 55.6
9092499988973 71.8
2193173621073 11.2
1185347085979 36.7
6588874710805 2.8
6766188075892 74.0
6960466910742 49.9
5712480283019 81.3
8466001484631 21.3
9647144763125 92.3
3354393337117 7.2
1255063505737 96.4
9371922542453 87.4
5708927896615 25.8
9018405722286 86.5
98
9018405722286
5708927896615
9371922542453
1255063505737
3354393337117
9647144763125
8466001484631
5712480283019
6960466910742
6766188075892
6588874710805
1185347085979
2193173621073
9092499988973
5345143829641
2998405967070
3824448372931
3704131347173
7273217864136
3937318067965
5265276869284
3838971817764
6260186495273
1557955499998
9806404448619
4117740275633
1058136987972
3881769777833
7869991760848
8387538320851
6639341788399
2171944035011
4128917664968
1538369749776
5153820871490
4666781684693
7602215836555
8682669599024
8047626880916
4445745912261
8486566007697
9046850581050
7152396923259
5935154940091
9012579118223
1154379341941
7943661270222
6318241799452
7921619556989
9333977282151
7087075903909
3212559448977
8949092947347
5290062481113
4813747078231
6293227585793
6933081586246
5027910862032
3403844957562
1984403284625
9718948354383
2197082166163
4938515724773
5519434153386
9856828864419
1024908560043
1656718867120
3101222602738
9723664916090
6302625202653
6501802593586
5390860046160
5638226582348
6457316284721
9745670656769
7466873465324
1539051380686
1774612324590
9157099235829
1179988895276
8098771067385
7465234173339
9410788412452
5644851554999
8429166967810
6525255361534
9269726478309
4012035937908
1866770562146
9385011308831
7456985188305
7148521365643
9468588586446
9935669240389
6453786026684
9079627937889
9615284875071
1321804928247
