99
6523535590428 35.8
5809124321144 85.1
3791266089173 67.0
1585773363570 74.7
3171580543237 39.1
8535468188688 14.4
4120598813560 38.3
4148284660055 50.8
1150155605776 70.5
9316245485732 73.0
6993257812291 52.4
1764596788518 99.6
1230981010587 68.2
4901059267681 49.3
4735321065269 14.5
6873450355884 1.5
4582031800643 66.9
6959190264756 43.9
1956081685386 2.0
2870797853943 42.0
3417626891749 96.8
4637437909066 77.1
3059965756864 80.9
2040532217940 28.6
1355668536477 43.3
6402999048464 6.4
9632201406099 92.6
6008143672911 97.1
2132859736265 92.3
8686290639412 37.0
3313516365824 8.7
8868899138486 64.7
3917822396167 59.6
6914508500257 11.0
1296805655876 8.1
9357843227285 12.0
3399095637298 25.7
7691905857669 14.6
9113964950237 37.8
8931056945722 77.9
6275190739560 83.9
3567395747918 24.1
7439050018439 89.5
4945072992049 43.7
9682739988229 65.9
4322044915112 81.0
2645646274368 91.5
6103438162761 21.0
1511423872168 84.2
1832304627455 37.7
2578240312643 47.0
8660954760588 84.8
4963956153900 40.9
8077498120194 57.1
6527787227663 85.9
5287813292617 29.9
6832146896815 6.1
1913537853853 10.9
5425465933921 38.3
2642164921101 82.6
1877808969358 1.9
4691469117949 5.3
4915344458805 90.3
1141358274213 21.6
9617239169382 53.5
1777380508815 31.1
9280392755912 78.6
7441637701917 69.1
7090482073620 32.8
8762155801088 18.4
4042447786647 23.4
2615998170050 56.7
6483356646324 69.0
5570700513342 77.3
7284004090720 63.8
9080282819874 80.2
4001253641892 45.8
5836330426996 23.5
5666438843935 2.7
9682090969354 48.9
5854993865858 30.0
2612026155280 72.0
6163789532433 37.3
3882311985286 70.5
5332473031209 35.9
7118633898432 23.2
5707617039284 60.9
2668523809252 37.4
8382294670774 55.8
2317758390127 45.6
3973711027908 2.1
8838481012913 21.4
6049590791816 16.0
6150262127180 51.7
3409321935935 29.3
5626845306297 27.8
3779008181562 65.6
9221122025410 29.2
6114773218144 96.7
98
1150155605776
5287813292617
1877808969358
6873450355884
9280392755912
8762155801088
8535468188688
8868899138486
7441637701917
8077498120194
4042447786647
5836330426996
2040532217940
6523535590428
6527787227663
9280392755912
5809124321144
9221122025410
3917822396167
2132859736265
6527787227663
3779008181562
2612026155280
2317758390127
3313516365824
6275190739560
2642164921101
7284004090720
2615998170050
8686290639412
5425465933921
5287813292617
9617239169382
1511423872168
3059965756864
9632201406099
6114773218144
9080282819874
9113964950237
4901059267681
6275190739560
7118633898432
6873450355884
1585773363570
4148284660055
6114773218144
4901059267681
4148284660055
1956081685386
2317758390127
6959190264756
6832146896815
1777380508815
8762155801088
8077498120194
7118633898432
2317758390127
1150155605776
4637437909066
3917822396167
6275190739560
1956081685386
4042447786647
9080282819874
1913537853853
9632201406099
3313516365824
6049590791816
1296805655876
4945072992049
2668523809252
1296805655876
1230981010587
4582031800643
1141358274213
4120598813560
6993257812291
3059965756864
3059965756864
2612026155280
5287813292617
5287813292617
2040532217940
4945072992049
6150262127180
5570700513342
5854993865858
8660954760588
3399095637298
3791266089173
4691469117949
4963956153900
9617239169382
6832146896815
4582031800643
9221122025410
6103438162761
7284004090720
