98
2729561219906 61.1
9961814024113 73.0
7494314305866 52.9
5726350635049 89.0
4366342102980 77.7
6569787982417 65.9
9051526518373 10.6
1876438907613 52.6
2956449645825 15.8
6728865633509 24.0
9978774653970 57.3
3259467098726 51.3
5973561435448 29.0
1372951567551 72.0
4862645351347 14.0
4331817332020 82.8
2744274138347 39.9
4774164751727 67.6
2732174475497 82.5
6625646215162 90.5
5064936426203 15.7
7727234502854 58.3
7648763081108 42.7
2307128937894 40.0
5258315755529 23.0
8196036355797 25.6
5914692509141 70.9
5518779719532 1.8
5926239494070 13.8
6620651521517 40.9
2488955353101 11.8
7081079409851 43.2
6810736232290 19.5
3976483103391 95.5
6082767092958 60.8
4777170729797 18.8
4605404075728 71.3
5664863360956 79.9
6202376872745 93.3
5462563901178 10.9
7526765584383 67.0
9206004876886 91.7
8584872451086 64.4
6108958714380 37.4
5075417495346 26.6
7662437074365 71.9
3115587875566 83.2
5124095388908 34.4
1643425751784 62.3
5784139441026 87.8
6797089082730 9.6
9378248250954 93.8
8769237998563 73.4
7138122154870 95.5
6083564739428 23.1
2386374886168 62.3
4621738179876 51.1
3299359956906 18.2
7450630665981 48.4
7277852704391 52.0
4077243306988 49.1
1780722399343 92.1
5163907232916 49.8
5092040901127 76.4
8696108588988 94.8
7388988576854 35.7
7388841476812 97.6
8239638648138 34.2
5793425826388 9.8
1691174617137 39.5
3174860954246 59.3
3132709609024 4.6
8848973017015 17.5
2371851353872 19.5
5046907457250 6.0
1863524368667 47.7
5200390241829 6.0
6403089017412 92.0
7399854587201 61.2
4132113817676 73.2
8001561417246 80.1
9362749161822 76.9
8296613289285 52.1
3452039949444 4.5
1568151106148 80.7
3039799208495 83.9
2266741768398 65.9
7748172907699 23.2
8961546489848 8.0
5633900126408 41.3
2234941772797 52.5
9219550475786 51.1
2456331787803 39.7
9978690725754 96.2
6604730109236 91.9
1886063037436 97.7
1849088466510 75.8
9432428263127 12.0
98
3039799208495
4605404075728
2732174475497
4862645351347
4621738179876
5518779719532
7081079409851
6620651521517
7450630665981
9219550475786
5092040901127
4862645351347
2956449645825
5200390241829
2732174475497
7494314305866
2307128937894
6620651521517
9978774653970
9378248250954
6797089082730
9219550475786
6620651521517
7388841476812
8239638648138
1643425751784
4366342102980
7662437074365
3259467098726
6082767092958
5046907457250
3039799208495
8769237998563
7277852704391
6604730109236
9978774653970
7526765584383
6569787982417
2371851353872
2744274138347
1568151106148
6810736232290
5064936426203
7727234502854
6569787982417
6797089082730
6569787982417
6797089082730
3976483103391
2729561219906
5664863360956
6403089017412
7388841476812
8296613289285
1780722399343
5726350635049
7388988576854
3039799208495
5793425826388
8848973017015
4862645351347
8848973017015
2266741768398
6108958714380
5462563901178
8961546489848
5726350635049
7399854587201
5462563901178
2956449645825
7081079409851
9362749161822
5092040901127
5124095388908
9051526518373
8961546489848
5784139441026
9206004876886
6202376872745
9051526518373
9432428263127
1780722399343
9978690725754
8848973017015
8239638648138
7526765584383
7526765584383
9978690725754
4132113817676
7138122154870
1568151106148
4621738179876
7081079409851
9378248250954
2266741768398
1568151106148
5784139441026
5633900126408
