99
7931291882088 67.3
6151358502889 0.9
2201657489854 68.5
9862632939231 33.0
5565398630020 86.8
5636667584658 98.2
6023603966290 2.0
7567738379363 95.2
3721593942769 90.6
4141485781287 85.3
2923141752546 43.0
5786897217446 73.4
1711846893013 41.1
6844843867421 24.2
3957409828914 72.8
1794479275453 93.7
8865366732947 12.9
3630288981802 91.4
4549417008712 11.8
9339344833276 39.0
6712245960657 15.4
1821326063937 39.4
3241855372648 4.5
3601990499065 51.3
8124108198773 81.1
8960808821913 66.4
1164623803671 59.5
5029415766153 87.3
9715324284578 84.1
5587572212134 4.0
1660099373083 85.3
4256404905408 21.7
1740504844222 49.8
1038457706525 31.2
2901288338553 62.3
9192203265012 76.7
5811712514158 87.3
3646410798835 45.2
3290788795253 48.7
1998365823930 24.8
7737190686103 20.5
4799169295454 8.1
9730694883732 39.4
6240284628199 60.8
9472389969758 77.0
3031094074834 43.6
3589824444060 94.0
5177312423567 28.6
2812282407208 89.2
9731679287300 37.9
3052792628625 21.1
1095541741320 83.7
4615669586330 25.0
6203041156841 23.4
5639342251193 60.3
9513201320935 65.1
3443889271449 15.2
4680887092662 55.1
8434645654936 29.0
1872390744576 21.3
6272382677322 37.1
8911125423841 27.7
6453619750132 79.6
1079578303849 72.0
7779272975890 84.8
3996301677598 10.7
5501585165009 6.3
9037639594359 80.1
4500664546453 6.0
2579043690082 19.8
2302979154549 95.2
3653716015294 52.4
3251444163514 85.2
7136147418594 91.4
1772956047972 58.7
3646765917461 15.2
5366967033253 15.0
6978437542419 30.8
9128975363171 90.1
7586431633294 78.4
1148128968634 10.9
7117767135659 92.1
2461996854648 96.5
1989208105089 19.4
7849273891488 74.4
7965259485854 66.3
7825866497512 90.2
3827822006145 79.4
9545093276218 89.8
9986896638497 37.0
9500467484982 73.3
9596324971364 31.9
6826218007983 12.2
3774559515817 59.9
9800138282538 73.6
6104131025471 8.5
8923463718754 15.5
9639439533547 65.2
6583244859078 62.0
99
3241855372648
9339344833276
9730694883732
4500664546453
6203041156841
5029415766153
9037639594359
1038457706525
5029415766153
1872390744576
5587572212134
6978437542419
9800138282538
1740504844222
6023603966290
5177312423567
1079578303849
9715324284578
9339344833276
3630288981802
9128975363171
2901288338553
5177312423567
1164623803671
3601990499065
1772956047972
3721593942769
1079578303849
4615669586330
7931291882088
4500664546453
5565398630020
1711846893013
7779272975890
5177312423567
3721593942769
3646410798835
7737190686103
3827822006145
5587572212134
6583244859078
3774559515817
3589824444060
9730694883732
6203041156841
9339344833276
3031094074834
8434645654936
8960808821913
1164623803671
1079578303849
1821326063937
3957409828914
5786897217446
6151358502889
3630288981802
1148128968634
1164623803671
1711846893013
7965259485854
5565398630020
6272382677322
2201657489854
3646765917461
9986896638497
7737190686103
9715324284578
8124108198773
4500664546453
9596324971364
1095541741320
6104131025471
2923141752546
8911125423841
9037639594359
3052792628625
7586431633294
5565398630020
3630288981802
3774559515817
3774559515817
6844843867421
7737190686103
3646410798835
5029415766153
8434645654936
4680887092662
3630288981802
4615669586330
5177312423567
1989208105089
7931291882088
3251444163514
4500664546453
9862632939231
1872390744576
3031094074834
3721593942769
9192203265012
