100
3104757703053 92.6
2340902981666 18.4
5913295641138 84.0
4994620276117 57.7
6755865222468 47.0
3670987378387 79.3
2995681414207 74.3
5291597659625 97.0
4491033207010 84.7
2590960704873 36.2
5908658594225 69.5
7281767527654 95.5
5421867509362 72.3
3321031134587 66.0
4080439147696 31.5
8252846251589 75.0
7023314103355 85.8
2490708179172 15.1
5325509798822 51.4
3053043451391 17.1
7318405752008 34.3
3874267881917 20.6
7834947664188 76.7
3868587219020 62.7
3026755417825 60.8
1753846129245 85.6
5405965163610 18.6
4535756845478 72.8
5545558818190 5.7
3517638126943 7.9
9839833327657 88.4
2472880144070 19.4
4633418680346 58.5
6063577533851 15.7
7682954808339 63.9
3574675991716 64.2
7013725985292 33.0
1619368302122 29.7
1420350460865 33.8
6488723036282 87.4
8993060498223 54.8
1437778424422 5.3
1876517316379 84.7
6367315574722 54.6
4865067476875 8.1
7404046042599 34.5
3027206236746 85.6
4197969649714 12.4
2944284286824 16.2
4674924166278 58.4
7275936366008 32.5
9771685488582 92.8
8425246398289 57.5
5267960158812 61.8
5195119762958 46.3
7648617690293 67.9
1229185587214 1.0
6071004163011 40.7
1455515419700 9.5
5466928784762 61.1
8471817014952 54.7
6000378705235 44.2
6702182524244 58.2
6062820739275 16.4
6858142395495 26.0
1644764521445 34.6
3610033885910 25.4
9835640540580 15.6
3203608299222 42.2
4512357473426 40.9
2467952130659 31.0
4174722421564 0.3
5617060534205 33.8
2904738450612 92.8
8535859414502 40.9
5425712498958 12.2
6566103633189 75.2
7549491100131 99.2
1858096139141 19.1
2036454481617 83.5
4331551295830 31.4
5905344918008 26.6
4594820611499 11.3
1558936069246 53.4
4089246933723 68.0
3882129828621 78.2
3348136450817 95.2
7870616328784 94.9
2156904903804 42.0
4311628309369 3.1
8798553005679 23.7
8931949723838 61.6
3228664036674 35.9
6574723273175 4.5
2962986647327 36.1
2363348756610 59.2
6989249036406 55.3
9846450803968 18.4
1796905807993 19.0
6018045678229 87.1
100
4512357473426
7281767527654
7281767527654
3670987378387
3574675991716
8252846251589
6989249036406
3203608299222
3228664036674
4331551295830
8252846251589
4535756845478
4311628309369
9839833327657
7281767527654
2995681414207
7023314103355
9835640540580
5617060534205
1796905807993
3670987378387
3517638126943
5545558818190
1420350460865
1437778424422
9839833327657
9771685488582
5291597659625
4865067476875
5545558818190
3104757703053
5545558818190
5913295641138
1753846129245
2962986647327
8252846251589
2590960704873
3517638126943
3574675991716
5405965163610
5425712498958
1858096139141
2590960704873
9835640540580
4331551295830
5466928784762
3104757703053
8425246398289
6000378705235
3348136450817
1644764521445
8425246398289
8425246398289
4633418680346
1876517316379
8993060498223
1644764521445
5325509798822
5425712498958
3348136450817
7275936366008
2995681414207
4174722421564
4674924166278
4089246933723
4594820611499
6063577533851
5617060534205
2944284286824
4512357473426
6755865222468
4197969649714
4535756845478
6566103633189
5466928784762
3670987378387
5325509798822
5325509798822
2340902981666
8425246398289
3868587219020
3104757703053
3610033885910
2472880144070
5913295641138
5325509798822
2944284286824
3053043451391
2995681414207
8993060498223
5545558818190
3574675991716
6574723273175
5325509798822
4080439147696
2490708179172
5425712498958
7549491100131
7404046042599
4080439147696
